    0.0000  -20.1852
    0.0500  -20.1827
    0.1000  -20.1755
    0.1500  -20.1646
    0.2000  -20.1515
    0.2500  -20.1392
    0.3000  -20.1317
    0.3500  -20.1326
    0.4000  -20.1413
    0.4500  -20.1541
    0.5000  -20.1669
    0.5433  -20.1594
    0.5866  -20.1491
    0.6299  -20.1364
    0.6732  -20.1220
    0.7165  -20.1065
    0.7598  -20.0906
    0.8031  -20.0752
    0.8464  -20.0611
    0.8897  -20.0486
    0.9330  -20.0380
    0.9763  -20.0434
    1.0196  -20.0480
    1.0629  -20.0513
    1.1062  -20.0531
    1.1495  -20.0531
    1.1928  -20.0514
    1.2361  -20.0478
    1.2794  -20.0426
    1.3227  -20.0360
    1.3660  -20.0284
    1.4160  -20.0454
    1.4660  -20.0648
    1.5160  -20.0857
    1.5660  -20.1071
    1.6160  -20.1278
    1.6660  -20.1468
    1.7160  -20.1628
    1.7660  -20.1750
    1.8160  -20.1826
    1.8660  -20.1852
    1.9526  -20.1776
    2.0392  -20.1556
    2.1258  -20.1221
    2.2124  -20.0813
    2.2990  -20.0380
    2.3856  -19.9974
    2.4722  -19.9770
    2.5588  -19.9748
    2.6454  -19.9711
    2.7321  -19.9687
 
    0.0000  -20.1852
    0.0500  -20.1827
    0.1000  -20.1755
    0.1500  -20.1646
    0.2000  -20.1515
    0.2500  -20.1392
    0.3000  -20.1317
    0.3500  -20.1326
    0.4000  -20.1413
    0.4500  -20.1541
    0.5000  -20.1669
    0.5433  -20.1594
    0.5866  -20.1491
    0.6299  -20.1364
    0.6732  -20.1220
    0.7165  -20.1065
    0.7598  -20.0906
    0.8031  -20.0752
    0.8464  -20.0611
    0.8897  -20.0486
    0.9330  -20.0380
    0.9763  -20.0434
    1.0196  -20.0480
    1.0629  -20.0513
    1.1062  -20.0531
    1.1495  -20.0531
    1.1928  -20.0514
    1.2361  -20.0478
    1.2794  -20.0426
    1.3227  -20.0360
    1.3660  -20.0284
    1.4160  -20.0454
    1.4660  -20.0648
    1.5160  -20.0857
    1.5660  -20.1071
    1.6160  -20.1278
    1.6660  -20.1468
    1.7160  -20.1628
    1.7660  -20.1750
    1.8160  -20.1826
    1.8660  -20.1852
    1.9526  -20.1776
    2.0392  -20.1556
    2.1258  -20.1221
    2.2124  -20.0813
    2.2990  -20.0380
    2.3856  -19.9974
    2.4722  -19.9770
    2.5588  -19.9748
    2.6454  -19.9711
    2.7321  -19.9687
 
    0.0000  -19.9328
    0.0500  -19.9355
    0.1000  -19.9434
    0.1500  -19.9553
    0.2000  -19.9694
    0.2500  -19.9825
    0.3000  -19.9904
    0.3500  -19.9895
    0.4000  -19.9802
    0.4500  -19.9666
    0.5000  -19.9527
    0.5433  -19.9594
    0.5866  -19.9660
    0.6299  -19.9723
    0.6732  -19.9778
    0.7165  -19.9820
    0.7598  -19.9844
    0.8031  -19.9846
    0.8464  -19.9820
    0.8897  -19.9768
    0.9330  -19.9694
    0.9763  -19.9638
    1.0196  -19.9589
    1.0629  -19.9554
    1.1062  -19.9533
    1.1495  -19.9530
    1.1928  -19.9546
    1.2361  -19.9580
    1.2794  -19.9632
    1.3227  -19.9699
    1.3660  -19.9776
    1.4160  -19.9632
    1.4660  -19.9518
    1.5160  -19.9433
    1.5660  -19.9376
    1.6160  -19.9342
    1.6660  -19.9326
    1.7160  -19.9322
    1.7660  -19.9324
    1.8160  -19.9327
    1.8660  -19.9328
    1.9526  -19.9352
    2.0392  -19.9419
    2.1258  -19.9512
    2.2124  -19.9611
    2.2990  -19.9694
    2.3856  -19.9744
    2.4722  -19.9624
    2.5588  -19.9388
    2.6454  -19.9259
    2.7321  -19.9226
 
    0.0000  -19.9328
    0.0500  -19.9355
    0.1000  -19.9434
    0.1500  -19.9553
    0.2000  -19.9694
    0.2500  -19.9825
    0.3000  -19.9904
    0.3500  -19.9895
    0.4000  -19.9802
    0.4500  -19.9666
    0.5000  -19.9527
    0.5433  -19.9594
    0.5866  -19.9660
    0.6299  -19.9723
    0.6732  -19.9778
    0.7165  -19.9820
    0.7598  -19.9844
    0.8031  -19.9846
    0.8464  -19.9820
    0.8897  -19.9768
    0.9330  -19.9694
    0.9763  -19.9638
    1.0196  -19.9589
    1.0629  -19.9554
    1.1062  -19.9533
    1.1495  -19.9530
    1.1928  -19.9546
    1.2361  -19.9580
    1.2794  -19.9632
    1.3227  -19.9699
    1.3660  -19.9776
    1.4160  -19.9632
    1.4660  -19.9518
    1.5160  -19.9433
    1.5660  -19.9376
    1.6160  -19.9342
    1.6660  -19.9326
    1.7160  -19.9322
    1.7660  -19.9324
    1.8160  -19.9327
    1.8660  -19.9328
    1.9526  -19.9352
    2.0392  -19.9419
    2.1258  -19.9512
    2.2124  -19.9611
    2.2990  -19.9694
    2.3856  -19.9744
    2.4722  -19.9624
    2.5588  -19.9388
    2.6454  -19.9259
    2.7321  -19.9226
 
    0.0000   -8.0335
    0.0500   -8.0183
    0.1000   -7.9737
    0.1500   -7.9023
    0.2000   -7.8090
    0.2500   -7.7048
    0.3000   -7.6211
    0.3500   -7.6326
    0.4000   -7.7251
    0.4500   -7.8286
    0.5000   -7.9181
    0.5433   -7.8708
    0.5866   -7.8100
    0.6299   -7.7396
    0.6732   -7.6645
    0.7165   -7.5901
    0.7598   -7.5225
    0.8031   -7.4684
    0.8464   -7.4365
    0.8897   -7.4296
    0.9330   -7.4371
    0.9763   -7.4452
    1.0196   -7.4519
    1.0629   -7.4597
    1.1062   -7.4772
    1.1495   -7.5052
    1.1928   -7.5368
    1.2361   -7.5673
    1.2794   -7.5935
    1.3227   -7.6126
    1.3660   -7.6219
    1.4160   -7.6028
    1.4660   -7.5700
    1.5160   -7.5669
    1.5660   -7.6411
    1.6160   -7.7450
    1.6660   -7.8430
    1.7160   -7.9242
    1.7660   -7.9843
    1.8160   -8.0211
    1.8660   -8.0335
    1.9526   -7.9940
    2.0392   -7.8828
    2.1258   -7.7210
    2.2124   -7.5449
    2.2990   -7.4371
    2.3856   -7.4724
    2.4722   -7.5720
    2.5588   -7.6818
    2.6454   -7.7236
    2.7321   -7.7406
 
    0.0000   -8.0335
    0.0500   -8.0183
    0.1000   -7.9737
    0.1500   -7.9023
    0.2000   -7.8090
    0.2500   -7.7048
    0.3000   -7.6211
    0.3500   -7.6326
    0.4000   -7.7251
    0.4500   -7.8286
    0.5000   -7.9181
    0.5433   -7.8708
    0.5866   -7.8100
    0.6299   -7.7396
    0.6732   -7.6645
    0.7165   -7.5901
    0.7598   -7.5225
    0.8031   -7.4684
    0.8464   -7.4365
    0.8897   -7.4296
    0.9330   -7.4371
    0.9763   -7.4452
    1.0196   -7.4519
    1.0629   -7.4597
    1.1062   -7.4772
    1.1495   -7.5052
    1.1928   -7.5368
    1.2361   -7.5673
    1.2794   -7.5935
    1.3227   -7.6126
    1.3660   -7.6219
    1.4160   -7.6028
    1.4660   -7.5700
    1.5160   -7.5669
    1.5660   -7.6411
    1.6160   -7.7450
    1.6660   -7.8430
    1.7160   -7.9242
    1.7660   -7.9843
    1.8160   -8.0211
    1.8660   -8.0335
    1.9526   -7.9940
    2.0392   -7.8828
    2.1258   -7.7210
    2.2124   -7.5449
    2.2990   -7.4371
    2.3856   -7.4724
    2.4722   -7.5720
    2.5588   -7.6818
    2.6454   -7.7236
    2.7321   -7.7406
 
    0.0000   -6.7514
    0.0500   -6.7740
    0.1000   -6.8388
    0.1500   -6.9378
    0.2000   -7.0589
    0.2500   -7.1850
    0.3000   -7.2802
    0.3500   -7.2674
    0.4000   -7.1612
    0.4500   -7.0342
    0.5000   -6.9163
    0.5433   -6.9783
    0.5866   -7.0517
    0.6299   -7.1293
    0.6732   -7.2041
    0.7165   -7.2704
    0.7598   -7.3234
    0.8031   -7.3584
    0.8464   -7.3689
    0.8897   -7.3536
    0.9330   -7.3230
    0.9763   -7.3377
    1.0196   -7.3682
    1.0629   -7.3927
    1.1062   -7.3968
    1.1495   -7.3775
    1.1928   -7.3412
    1.2361   -7.2944
    1.2794   -7.2494
    1.3227   -7.2324
    1.3660   -7.2547
    1.4160   -7.1712
    1.4660   -7.2214
    1.5160   -7.2896
    1.5660   -7.2464
    1.6160   -7.1434
    1.6660   -7.0244
    1.7160   -6.9122
    1.7660   -6.8238
    1.8160   -6.7694
    1.8660   -6.7514
    1.9526   -6.8075
    2.0392   -6.9493
    2.1258   -7.1207
    2.2124   -7.2695
    2.2990   -7.3230
    2.3856   -7.3967
    2.4722   -7.5214
    2.5588   -7.5918
    2.6454   -7.6749
    2.7321   -7.6998
 
    0.0000   -6.7514
    0.0500   -6.7740
    0.1000   -6.8388
    0.1500   -6.9378
    0.2000   -7.0589
    0.2500   -7.1850
    0.3000   -7.2802
    0.3500   -7.2674
    0.4000   -7.1612
    0.4500   -7.0342
    0.5000   -6.9163
    0.5433   -6.9783
    0.5866   -7.0517
    0.6299   -7.1293
    0.6732   -7.2041
    0.7165   -7.2704
    0.7598   -7.3234
    0.8031   -7.3584
    0.8464   -7.3689
    0.8897   -7.3536
    0.9330   -7.3230
    0.9763   -7.3377
    1.0196   -7.3682
    1.0629   -7.3927
    1.1062   -7.3968
    1.1495   -7.3775
    1.1928   -7.3412
    1.2361   -7.2944
    1.2794   -7.2494
    1.3227   -7.2324
    1.3660   -7.2547
    1.4160   -7.1712
    1.4660   -7.2214
    1.5160   -7.2896
    1.5660   -7.2464
    1.6160   -7.1434
    1.6660   -7.0244
    1.7160   -6.9122
    1.7660   -6.8238
    1.8160   -6.7694
    1.8660   -6.7514
    1.9526   -6.8075
    2.0392   -6.9493
    2.1258   -7.1207
    2.2124   -7.2695
    2.2990   -7.3230
    2.3856   -7.3967
    2.4722   -7.5214
    2.5588   -7.5918
    2.6454   -7.6749
    2.7321   -7.6998
 
    0.0000   -6.2509
    0.0500   -6.2536
    0.1000   -6.2610
    0.1500   -6.2709
    0.2000   -6.2808
    0.2500   -6.2884
    0.3000   -6.2924
    0.3500   -6.2920
    0.4000   -6.2872
    0.4500   -6.2789
    0.5000   -6.2689
    0.5433   -6.2821
    0.5866   -6.3142
    0.6299   -6.3701
    0.6732   -6.4528
    0.7165   -6.5590
    0.7598   -6.6803
    0.8031   -6.8075
    0.8464   -6.9335
    0.8897   -7.0532
    0.9330   -7.1632
    0.9763   -7.1256
    1.0196   -7.0642
    1.0629   -7.0034
    1.1062   -6.9565
    1.1495   -6.9351
    1.1928   -6.9450
    1.2361   -6.9765
    1.2794   -7.0065
    1.3227   -7.0019
    1.3660   -6.9500
    1.4160   -7.0907
    1.4660   -7.0592
    1.5160   -6.9191
    1.5660   -6.7535
    1.6160   -6.5680
    1.6660   -6.3713
    1.7160   -6.3119
    1.7660   -6.2846
    1.8160   -6.2607
    1.8660   -6.2509
    1.9526   -6.2758
    2.0392   -6.3741
    2.1258   -6.5992
    2.2124   -6.8870
    2.2990   -7.1632
    2.3856   -7.2270
    2.4722   -7.1187
    2.5588   -6.9801
    2.6454   -6.8134
    2.7321   -6.7550
 
    0.0000   -6.2509
    0.0500   -6.2536
    0.1000   -6.2610
    0.1500   -6.2709
    0.2000   -6.2808
    0.2500   -6.2884
    0.3000   -6.2924
    0.3500   -6.2920
    0.4000   -6.2872
    0.4500   -6.2789
    0.5000   -6.2689
    0.5433   -6.2821
    0.5866   -6.3142
    0.6299   -6.3701
    0.6732   -6.4528
    0.7165   -6.5590
    0.7598   -6.6803
    0.8031   -6.8075
    0.8464   -6.9335
    0.8897   -7.0532
    0.9330   -7.1632
    0.9763   -7.1256
    1.0196   -7.0641
    1.0629   -7.0034
    1.1062   -6.9565
    1.1495   -6.9351
    1.1928   -6.9450
    1.2361   -6.9765
    1.2794   -7.0065
    1.3227   -7.0019
    1.3660   -6.9500
    1.4160   -7.0907
    1.4660   -7.0592
    1.5160   -6.9191
    1.5660   -6.7535
    1.6160   -6.5680
    1.6660   -6.3713
    1.7160   -6.3119
    1.7660   -6.2846
    1.8160   -6.2607
    1.8660   -6.2509
    1.9526   -6.2758
    2.0392   -6.3741
    2.1258   -6.5992
    2.2124   -6.8870
    2.2990   -7.1632
    2.3856   -7.2270
    2.4722   -7.1187
    2.5588   -6.9801
    2.6454   -6.8134
    2.7321   -6.7550
 
    0.0000   -5.8363
    0.0500   -5.8330
    0.1000   -5.8243
    0.1500   -5.8125
    0.2000   -5.8007
    0.2500   -5.7914
    0.3000   -5.7865
    0.3500   -5.7870
    0.4000   -5.7929
    0.4500   -5.8028
    0.5000   -5.8149
    0.5433   -5.8285
    0.5866   -5.8741
    0.6299   -5.9355
    0.6732   -5.9970
    0.7165   -6.0514
    0.7598   -6.0996
    0.8031   -6.1457
    0.8464   -6.1940
    0.8897   -6.2478
    0.9330   -6.3089
    0.9763   -6.3415
    1.0196   -6.3905
    1.0629   -6.4470
    1.1062   -6.5000
    1.1495   -6.5370
    1.1928   -6.5503
    1.2361   -6.5460
    1.2794   -6.5378
    1.3227   -6.5368
    1.3660   -6.5481
    1.4160   -6.5048
    1.4660   -6.4589
    1.5160   -6.4189
    1.5660   -6.3867
    1.6160   -6.3605
    1.6660   -6.3369
    1.7160   -6.1769
    1.7660   -6.0047
    1.8160   -5.8817
    1.8660   -5.8363
    1.9526   -5.9192
    2.0392   -6.0917
    2.1258   -6.2079
    2.2124   -6.2667
    2.2990   -6.3089
    2.3856   -6.3558
    2.4722   -6.4245
    2.5588   -6.5224
    2.6454   -6.6401
    2.7321   -6.6729
 
    0.0000   -5.8363
    0.0500   -5.8330
    0.1000   -5.8243
    0.1500   -5.8125
    0.2000   -5.8007
    0.2500   -5.7914
    0.3000   -5.7865
    0.3500   -5.7870
    0.4000   -5.7929
    0.4500   -5.8028
    0.5000   -5.8149
    0.5433   -5.8285
    0.5866   -5.8741
    0.6299   -5.9355
    0.6732   -5.9970
    0.7165   -6.0514
    0.7598   -6.0996
    0.8031   -6.1457
    0.8464   -6.1940
    0.8897   -6.2478
    0.9330   -6.3089
    0.9763   -6.3415
    1.0196   -6.3905
    1.0629   -6.4470
    1.1062   -6.5000
    1.1495   -6.5370
    1.1928   -6.5503
    1.2361   -6.5460
    1.2794   -6.5378
    1.3227   -6.5368
    1.3660   -6.5481
    1.4160   -6.5048
    1.4660   -6.4589
    1.5160   -6.4189
    1.5660   -6.3867
    1.6160   -6.3605
    1.6660   -6.3369
    1.7160   -6.1769
    1.7660   -6.0047
    1.8160   -5.8817
    1.8660   -5.8363
    1.9526   -5.9192
    2.0392   -6.0917
    2.1258   -6.2079
    2.2124   -6.2667
    2.2990   -6.3089
    2.3856   -6.3558
    2.4722   -6.4245
    2.5588   -6.5224
    2.6454   -6.6401
    2.7321   -6.6729
 
    0.0000   -3.9447
    0.0500   -3.9516
    0.1000   -3.9692
    0.1500   -3.9912
    0.2000   -4.0118
    0.2500   -4.0271
    0.3000   -4.0348
    0.3500   -4.0339
    0.4000   -4.0246
    0.4500   -4.0081
    0.5000   -3.9869
    0.5433   -3.9966
    0.5866   -4.0016
    0.6299   -4.0007
    0.6732   -3.9932
    0.7165   -3.9786
    0.7598   -3.9570
    0.8031   -3.9301
    0.8464   -3.9048
    0.8897   -3.8960
    0.9330   -3.9125
    0.9763   -3.9429
    1.0196   -3.9640
    1.0629   -3.9679
    1.1062   -3.9508
    1.1495   -3.9132
    1.1928   -3.8602
    1.2361   -3.8010
    1.2794   -3.7498
    1.3227   -3.7440
    1.3660   -3.7619
    1.4160   -3.7294
    1.4660   -3.7428
    1.5160   -3.7815
    1.5660   -3.8189
    1.6160   -3.8538
    1.6660   -3.8846
    1.7160   -3.9100
    1.7660   -3.9290
    1.8160   -3.9408
    1.8660   -3.9447
    1.9526   -3.9659
    2.0392   -3.9961
    2.1258   -4.0044
    2.2124   -3.9775
    2.2990   -3.9125
    2.3856   -3.9162
    2.4722   -4.0499
    2.5588   -4.1676
    2.6454   -4.2580
    2.7321   -4.2983
 
    0.0000   -3.9447
    0.0500   -3.9516
    0.1000   -3.9692
    0.1500   -3.9912
    0.2000   -4.0118
    0.2500   -4.0271
    0.3000   -4.0348
    0.3500   -4.0339
    0.4000   -4.0246
    0.4500   -4.0081
    0.5000   -3.9869
    0.5433   -3.9966
    0.5866   -4.0016
    0.6299   -4.0007
    0.6732   -3.9932
    0.7165   -3.9786
    0.7598   -3.9570
    0.8031   -3.9301
    0.8464   -3.9048
    0.8897   -3.8960
    0.9330   -3.9125
    0.9763   -3.9429
    1.0196   -3.9640
    1.0629   -3.9679
    1.1062   -3.9508
    1.1495   -3.9132
    1.1928   -3.8602
    1.2361   -3.8010
    1.2794   -3.7498
    1.3227   -3.7440
    1.3660   -3.7619
    1.4160   -3.7294
    1.4660   -3.7428
    1.5160   -3.7815
    1.5660   -3.8189
    1.6160   -3.8538
    1.6660   -3.8846
    1.7160   -3.9100
    1.7660   -3.9290
    1.8160   -3.9408
    1.8660   -3.9447
    1.9526   -3.9659
    2.0392   -3.9961
    2.1258   -4.0044
    2.2124   -3.9775
    2.2990   -3.9125
    2.3856   -3.9162
    2.4722   -4.0499
    2.5588   -4.1676
    2.6454   -4.2580
    2.7321   -4.2983
 
    0.0000   -3.9447
    0.0500   -3.9516
    0.1000   -3.9692
    0.1500   -3.9912
    0.2000   -4.0118
    0.2500   -4.0271
    0.3000   -4.0348
    0.3500   -4.0339
    0.4000   -4.0246
    0.4500   -4.0081
    0.5000   -3.9869
    0.5433   -3.9708
    0.5866   -3.9028
    0.6299   -3.7915
    0.6732   -3.6481
    0.7165   -3.6193
    0.7598   -3.6506
    0.8031   -3.6834
    0.8464   -3.7117
    0.8897   -3.7259
    0.9330   -3.7455
    0.9763   -3.7335
    1.0196   -3.7250
    1.0629   -3.7162
    1.1062   -3.7075
    1.1495   -3.7002
    1.1928   -3.6968
    1.2361   -3.7000
    1.2794   -3.7090
    1.3227   -3.6923
    1.3660   -3.6679
    1.4160   -3.7045
    1.4660   -3.7007
    1.5160   -3.6761
    1.5660   -3.6560
    1.6160   -3.6401
    1.6660   -3.6280
    1.7160   -3.6819
    1.7660   -3.8121
    1.8160   -3.9085
    1.8660   -3.9447
    1.9526   -3.8539
    2.0392   -3.6225
    2.1258   -3.5886
    2.2124   -3.6454
    2.2990   -3.7455
    2.3856   -3.8498
    2.4722   -3.9145
    2.5588   -3.9107
    2.6454   -3.8372
    2.7321   -3.8198
 
    0.0000   -3.9447
    0.0500   -3.9516
    0.1000   -3.9692
    0.1500   -3.9912
    0.2000   -4.0118
    0.2500   -4.0271
    0.3000   -4.0348
    0.3500   -4.0339
    0.4000   -4.0246
    0.4500   -4.0081
    0.5000   -3.9869
    0.5433   -3.9708
    0.5866   -3.9028
    0.6299   -3.7915
    0.6732   -3.6481
    0.7165   -3.6193
    0.7598   -3.6506
    0.8031   -3.6834
    0.8464   -3.7117
    0.8897   -3.7259
    0.9330   -3.7455
    0.9763   -3.7335
    1.0196   -3.7250
    1.0629   -3.7162
    1.1062   -3.7075
    1.1495   -3.7002
    1.1928   -3.6968
    1.2361   -3.7000
    1.2794   -3.7090
    1.3227   -3.6923
    1.3660   -3.6679
    1.4160   -3.7045
    1.4660   -3.7007
    1.5160   -3.6761
    1.5660   -3.6560
    1.6160   -3.6401
    1.6660   -3.6280
    1.7160   -3.6819
    1.7660   -3.8121
    1.8160   -3.9085
    1.8660   -3.9447
    1.9526   -3.8539
    2.0392   -3.6225
    2.1258   -3.5886
    2.2124   -3.6454
    2.2990   -3.7455
    2.3856   -3.8498
    2.4722   -3.9145
    2.5588   -3.9107
    2.6454   -3.8372
    2.7321   -3.8198
 
    0.0000   -3.6093
    0.0500   -3.6014
    0.1000   -3.5809
    0.1500   -3.5550
    0.2000   -3.5303
    0.2500   -3.5116
    0.3000   -3.5021
    0.3500   -3.5031
    0.4000   -3.5146
    0.4500   -3.5348
    0.5000   -3.5602
    0.5433   -3.5524
    0.5866   -3.5566
    0.6299   -3.5707
    0.6732   -3.5921
    0.7165   -3.5827
    0.7598   -3.6150
    0.8031   -3.6526
    0.8464   -3.6903
    0.8897   -3.7228
    0.9330   -3.7342
    0.9763   -3.6947
    1.0196   -3.6333
    1.0629   -3.5681
    1.1062   -3.5216
    1.1495   -3.5140
    1.1928   -3.5261
    1.2361   -3.5469
    1.2794   -3.5701
    1.3227   -3.5936
    1.3660   -3.6196
    1.4160   -3.5638
    1.4660   -3.5119
    1.5160   -3.4715
    1.5660   -3.4505
    1.6160   -3.4642
    1.6660   -3.5486
    1.7160   -3.6193
    1.7660   -3.6136
    1.8160   -3.6103
    1.8660   -3.6093
    1.9526   -3.5960
    2.0392   -3.5717
    2.1258   -3.5859
    2.2124   -3.6435
    2.2990   -3.7342
    2.3856   -3.7866
    2.4722   -3.7917
    2.5588   -3.8125
    2.6454   -3.8064
    2.7321   -3.7490
 
    0.0000   -3.6093
    0.0500   -3.6014
    0.1000   -3.5809
    0.1500   -3.5550
    0.2000   -3.5303
    0.2500   -3.5116
    0.3000   -3.5021
    0.3500   -3.5031
    0.4000   -3.5146
    0.4500   -3.5348
    0.5000   -3.5602
    0.5433   -3.5524
    0.5866   -3.5566
    0.6299   -3.5707
    0.6732   -3.5921
    0.7165   -3.5827
    0.7598   -3.6150
    0.8031   -3.6526
    0.8464   -3.6903
    0.8897   -3.7228
    0.9330   -3.7342
    0.9763   -3.6947
    1.0196   -3.6333
    1.0629   -3.5681
    1.1062   -3.5216
    1.1495   -3.5140
    1.1928   -3.5261
    1.2361   -3.5469
    1.2794   -3.5701
    1.3227   -3.5936
    1.3660   -3.6196
    1.4160   -3.5638
    1.4660   -3.5119
    1.5160   -3.4715
    1.5660   -3.4505
    1.6160   -3.4642
    1.6660   -3.5486
    1.7160   -3.6193
    1.7660   -3.6136
    1.8160   -3.6103
    1.8660   -3.6093
    1.9526   -3.5960
    2.0392   -3.5717
    2.1258   -3.5859
    2.2124   -3.6435
    2.2990   -3.7342
    2.3856   -3.7866
    2.4722   -3.7917
    2.5588   -3.8124
    2.6454   -3.8064
    2.7321   -3.7490
 
    0.0000   -3.6093
    0.0500   -3.6014
    0.1000   -3.5809
    0.1500   -3.5550
    0.2000   -3.5303
    0.2500   -3.5116
    0.3000   -3.5021
    0.3500   -3.5031
    0.4000   -3.5146
    0.4500   -3.5348
    0.5000   -3.5602
    0.5433   -3.5482
    0.5866   -3.5417
    0.6299   -3.5441
    0.6732   -3.5570
    0.7165   -3.4804
    0.7598   -3.3569
    0.8031   -3.4282
    0.8464   -3.4966
    0.8897   -3.5509
    0.9330   -3.5743
    0.9763   -3.5424
    1.0196   -3.5160
    1.0629   -3.4969
    1.1062   -3.4771
    1.1495   -3.4468
    1.1928   -3.4288
    1.2361   -3.4291
    1.2794   -3.4422
    1.3227   -3.4621
    1.3660   -3.4840
    1.4160   -3.4346
    1.4660   -3.3796
    1.5160   -3.3327
    1.5660   -3.3097
    1.6160   -3.3233
    1.6660   -3.3741
    1.7160   -3.4494
    1.7660   -3.5280
    1.8160   -3.5872
    1.8660   -3.6093
    1.9526   -3.5785
    2.0392   -3.5631
    2.1258   -3.3027
    2.2124   -3.4157
    2.2990   -3.5743
    2.3856   -3.6573
    2.4722   -3.6035
    2.5588   -3.5615
    2.6454   -3.6382
    2.7321   -3.7192
 
    0.0000   -3.6093
    0.0500   -3.6014
    0.1000   -3.5809
    0.1500   -3.5550
    0.2000   -3.5303
    0.2500   -3.5116
    0.3000   -3.5021
    0.3500   -3.5031
    0.4000   -3.5146
    0.4500   -3.5348
    0.5000   -3.5602
    0.5433   -3.5482
    0.5866   -3.5417
    0.6299   -3.5441
    0.6732   -3.5570
    0.7165   -3.4804
    0.7598   -3.3569
    0.8031   -3.4282
    0.8464   -3.4966
    0.8897   -3.5509
    0.9330   -3.5743
    0.9763   -3.5424
    1.0196   -3.5160
    1.0629   -3.4969
    1.1062   -3.4771
    1.1495   -3.4468
    1.1928   -3.4288
    1.2361   -3.4291
    1.2794   -3.4422
    1.3227   -3.4621
    1.3660   -3.4840
    1.4160   -3.4346
    1.4660   -3.3796
    1.5160   -3.3327
    1.5660   -3.3097
    1.6160   -3.3233
    1.6660   -3.3741
    1.7160   -3.4494
    1.7660   -3.5280
    1.8160   -3.5872
    1.8660   -3.6093
    1.9526   -3.5785
    2.0392   -3.5631
    2.1258   -3.3027
    2.2124   -3.4157
    2.2990   -3.5743
    2.3856   -3.6573
    2.4722   -3.6035
    2.5588   -3.5615
    2.6454   -3.6382
    2.7321   -3.7192
 
    0.0000   -3.4359
    0.0500   -3.4200
    0.1000   -3.3758
    0.1500   -3.3124
    0.2000   -3.2435
    0.2500   -3.1850
    0.3000   -3.1526
    0.3500   -3.1562
    0.4000   -3.1948
    0.4500   -3.2567
    0.5000   -3.3257
    0.5433   -3.2882
    0.5866   -3.2533
    0.6299   -3.2377
    0.6732   -3.2513
    0.7165   -3.2940
    0.7598   -3.3012
    0.8031   -3.1152
    0.8464   -2.9293
    0.8897   -2.7492
    0.9330   -2.5804
    0.9763   -2.5866
    1.0196   -2.5928
    1.0629   -2.6025
    1.1062   -2.6167
    1.1495   -2.6323
    1.1928   -2.6425
    1.2361   -2.6397
    1.2794   -2.6178
    1.3227   -2.5725
    1.3660   -2.5047
    1.4160   -2.6624
    1.4660   -2.8250
    1.5160   -2.9880
    1.5660   -3.1461
    1.6160   -3.2844
    1.6660   -3.3637
    1.7160   -3.3964
    1.7660   -3.4173
    1.8160   -3.4310
    1.8660   -3.4359
    1.9526   -3.4060
    2.0392   -3.3228
    2.1258   -3.2991
    2.2124   -2.9421
    2.2990   -2.5804
    2.3856   -2.2494
    2.4722   -1.9847
    2.5588   -1.8845
    2.6454   -1.8246
    2.7321   -1.7988
 
    0.0000   -3.4359
    0.0500   -3.4200
    0.1000   -3.3758
    0.1500   -3.3124
    0.2000   -3.2435
    0.2500   -3.1850
    0.3000   -3.1526
    0.3500   -3.1562
    0.4000   -3.1948
    0.4500   -3.2567
    0.5000   -3.3257
    0.5433   -3.2882
    0.5866   -3.2533
    0.6299   -3.2377
    0.6732   -3.2513
    0.7165   -3.2940
    0.7598   -3.3012
    0.8031   -3.1152
    0.8464   -2.9293
    0.8897   -2.7492
    0.9330   -2.5804
    0.9763   -2.5865
    1.0196   -2.5928
    1.0629   -2.6025
    1.1062   -2.6167
    1.1495   -2.6323
    1.1928   -2.6425
    1.2361   -2.6397
    1.2794   -2.6178
    1.3227   -2.5725
    1.3660   -2.5047
    1.4160   -2.6624
    1.4660   -2.8250
    1.5160   -2.9880
    1.5660   -3.1461
    1.6160   -3.2844
    1.6660   -3.3637
    1.7160   -3.3964
    1.7660   -3.4173
    1.8160   -3.4310
    1.8660   -3.4359
    1.9526   -3.4060
    2.0392   -3.3228
    2.1258   -3.2991
    2.2124   -2.9421
    2.2990   -2.5804
    2.3856   -2.2494
    2.4722   -1.9847
    2.5588   -1.8845
    2.6454   -1.8246
    2.7321   -1.7988
 
    0.0000   -1.8433
    0.0500   -1.8532
    0.1000   -1.8812
    0.1500   -1.9225
    0.2000   -1.9693
    0.2500   -2.0105
    0.3000   -2.0339
    0.3500   -2.0312
    0.4000   -2.0035
    0.4500   -1.9603
    0.5000   -1.9137
    0.5433   -1.9387
    0.5866   -1.9619
    0.6299   -1.9727
    0.6732   -1.9650
    0.7165   -1.9413
    0.7598   -1.9100
    0.8031   -1.8814
    0.8464   -1.8633
    0.8897   -1.8595
    0.9330   -1.8688
    0.9763   -1.8993
    1.0196   -1.9469
    1.0629   -2.0031
    1.1062   -2.0590
    1.1495   -2.1079
    1.1928   -2.1474
    1.2361   -2.1794
    1.2794   -2.2085
    1.3227   -2.2398
    1.3660   -2.2767
    1.4160   -2.2131
    1.4660   -2.1753
    1.5160   -2.1513
    1.5660   -2.1256
    1.6160   -2.0855
    1.6660   -2.0281
    1.7160   -1.9619
    1.7660   -1.9010
    1.8160   -1.8585
    1.8660   -1.8433
    1.9526   -1.8813
    2.0392   -1.9598
    2.1258   -1.9918
    2.2124   -1.9383
    2.2990   -1.8688
    2.3856   -1.8490
    2.4722   -1.8756
    2.5588   -1.8161
    2.6454   -1.7573
    2.7321   -1.7349
 
    0.0000   -1.8433
    0.0500   -1.8532
    0.1000   -1.8812
    0.1500   -1.9225
    0.2000   -1.9693
    0.2500   -2.0105
    0.3000   -2.0339
    0.3500   -2.0312
    0.4000   -2.0035
    0.4500   -1.9603
    0.5000   -1.9137
    0.5433   -1.9387
    0.5866   -1.9619
    0.6299   -1.9727
    0.6732   -1.9650
    0.7165   -1.9413
    0.7598   -1.9100
    0.8031   -1.8814
    0.8464   -1.8633
    0.8897   -1.8595
    0.9330   -1.8688
    0.9763   -1.8993
    1.0196   -1.9469
    1.0629   -2.0031
    1.1062   -2.0590
    1.1495   -2.1078
    1.1928   -2.1473
    1.2361   -2.1794
    1.2794   -2.2085
    1.3227   -2.2398
    1.3660   -2.2767
    1.4160   -2.2131
    1.4660   -2.1753
    1.5160   -2.1513
    1.5660   -2.1256
    1.6160   -2.0855
    1.6660   -2.0281
    1.7160   -1.9619
    1.7660   -1.9010
    1.8160   -1.8585
    1.8660   -1.8433
    1.9526   -1.8813
    2.0392   -1.9598
    2.1258   -1.9918
    2.2124   -1.9383
    2.2990   -1.8688
    2.3856   -1.8490
    2.4722   -1.8756
    2.5588   -1.8161
    2.6454   -1.7573
    2.7321   -1.7349
 
    0.0000    5.9104
    0.0500    5.8965
    0.1000    5.8591
    0.1500    5.8089
    0.2000    5.7584
    0.2500    5.7191
    0.3000    5.6986
    0.3500    5.7009
    0.4000    5.7255
    0.4500    5.7677
    0.5000    5.8191
    0.5433    5.7866
    0.5866    5.7447
    0.6299    5.6964
    0.6732    5.6408
    0.7165    5.5735
    0.7598    5.4877
    0.8031    5.3769
    0.8464    5.2388
    0.8897    5.0772
    0.9330    4.9001
    0.9763    4.8907
    1.0196    4.8639
    1.0629    4.8274
    1.1062    4.7878
    1.1495    4.7501
    1.1928    4.7170
    1.2361    4.6901
    1.2794    4.6702
    1.3227    4.6580
    1.3660    4.6537
    1.4160    4.6825
    1.4660    4.7657
    1.5160    4.8977
    1.5660    5.0690
    1.6160    5.2653
    1.6660    5.4671
    1.7160    5.6509
    1.7660    5.7937
    1.8160    5.8814
    1.8660    5.9104
    1.9526    5.8566
    2.0392    5.7179
    2.1258    5.5175
    2.2124    5.2447
    2.2990    4.9001
    2.3856    4.5306
    2.4722    4.1936
    2.5588    3.9300
    2.6454    3.7631
    2.7321    3.7052
 
    0.0000    5.9104
    0.0500    5.8965
    0.1000    5.8591
    0.1500    5.8089
    0.2000    5.7584
    0.2500    5.7191
    0.3000    5.6986
    0.3500    5.7009
    0.4000    5.7255
    0.4500    5.7677
    0.5000    5.8191
    0.5433    5.7866
    0.5866    5.7447
    0.6299    5.6964
    0.6732    5.6408
    0.7165    5.5735
    0.7598    5.4877
    0.8031    5.3769
    0.8464    5.2388
    0.8897    5.0772
    0.9330    4.9001
    0.9763    4.8909
    1.0196    4.8643
    1.0629    4.8277
    1.1062    4.7881
    1.1495    4.7503
    1.1928    4.7171
    1.2361    4.6902
    1.2794    4.6703
    1.3227    4.6580
    1.3660    4.6537
    1.4160    4.6825
    1.4660    4.7657
    1.5160    4.8977
    1.5660    5.0690
    1.6160    5.2653
    1.6660    5.4671
    1.7160    5.6509
    1.7660    5.7937
    1.8160    5.8814
    1.8660    5.9104
    1.9526    5.8566
    2.0392    5.7179
    2.1258    5.5175
    2.2124    5.2447
    2.2990    4.9001
    2.3856    4.5306
    2.4722    4.1936
    2.5588    3.9300
    2.6454    3.7631
    2.7321    3.7052
 
    0.0000    5.9104
    0.0500    5.8965
    0.1000    5.8591
    0.1500    5.8089
    0.2000    5.7584
    0.2500    5.7191
    0.3000    5.6986
    0.3500    5.7009
    0.4000    5.7255
    0.4500    5.7677
    0.5000    5.8191
    0.5433    5.7939
    0.5866    5.7741
    0.6299    5.7628
    0.6732    5.7590
    0.7165    5.7572
    0.7598    5.7498
    0.8031    5.7302
    0.8464    5.6962
    0.8897    5.6498
    0.9330    5.5949
    0.9763    5.6136
    1.0196    5.6678
    1.0629    5.7478
    1.1062    5.8422
    1.1495    5.9398
    1.1928    6.0293
    1.2361    6.1008
    1.2794    6.1497
    1.3227    6.1779
    1.3660    6.1901
    1.4160    6.1595
    1.4660    6.1107
    1.5160    6.0621
    1.5660    6.0194
    1.6160    5.9842
    1.6660    5.9565
    1.7160    5.9358
    1.7660    5.9215
    1.8160    5.9131
    1.8660    5.9104
    1.9526    5.8877
    2.0392    5.8346
    2.1258    5.7730
    2.2124    5.6969
    2.2990    5.5949
    2.3856    5.4797
    2.4722    5.3722
    2.5588    5.2879
    2.6454    5.2351
    2.7321    5.2174
 
    0.0000    5.9104
    0.0500    5.8965
    0.1000    5.8591
    0.1500    5.8089
    0.2000    5.7584
    0.2500    5.7191
    0.3000    5.6986
    0.3500    5.7009
    0.4000    5.7255
    0.4500    5.7677
    0.5000    5.8191
    0.5433    5.7939
    0.5866    5.7741
    0.6299    5.7628
    0.6732    5.7590
    0.7165    5.7572
    0.7598    5.7498
    0.8031    5.7302
    0.8464    5.6963
    0.8897    5.6498
    0.9330    5.5949
    0.9763    5.6144
    1.0196    5.6694
    1.0629    5.7499
    1.1062    5.8447
    1.1495    5.9425
    1.1928    6.0320
    1.2361    6.1030
    1.2794    6.1511
    1.3227    6.1785
    1.3660    6.1901
    1.4160    6.1595
    1.4660    6.1107
    1.5160    6.0621
    1.5660    6.0194
    1.6160    5.9842
    1.6660    5.9565
    1.7160    5.9358
    1.7660    5.9215
    1.8160    5.9131
    1.8660    5.9104
    1.9526    5.8877
    2.0392    5.8346
    2.1258    5.7730
    2.2124    5.6969
    2.2990    5.5949
    2.3856    5.4797
    2.4722    5.3722
    2.5588    5.2879
    2.6454    5.2351
    2.7321    5.2174
 
    0.0000    6.0387
    0.0500    6.0610
    0.1000    6.1266
    0.1500    6.2315
    0.2000    6.3683
    0.2500    6.5226
    0.3000    6.5138
    0.3500    6.5187
    0.4000    6.4924
    0.4500    6.3396
    0.5000    6.2083
    0.5433    6.2775
    0.5866    6.3683
    0.6299    6.4781
    0.6732    6.6003
    0.7165    6.6176
    0.7598    6.6348
    0.8031    6.6619
    0.8464    6.5441
    0.8897    6.4311
    0.9330    6.3168
    0.9763    6.3189
    1.0196    6.3247
    1.0629    6.3333
    1.1062    6.3350
    1.1495    6.3213
    1.1928    6.3120
    1.2361    6.3091
    1.2794    6.3097
    1.3227    6.3118
    1.3660    6.3149
    1.4160    6.3142
    1.4660    6.3237
    1.5160    6.3348
    1.5660    6.3313
    1.6160    6.2950
    1.6660    6.2279
    1.7160    6.1534
    1.7660    6.0916
    1.8160    6.0521
    1.8660    6.0387
    1.9526    6.0872
    2.0392    6.2210
    2.1258    6.3961
    2.2124    6.5174
    2.2990    6.3168
    2.3856    6.0789
    2.4722    5.8432
    2.5588    5.6378
    2.6454    5.4999
    2.7321    5.4537
 
    0.0000    6.0387
    0.0500    6.0610
    0.1000    6.1266
    0.1500    6.2315
    0.2000    6.3683
    0.2500    6.5226
    0.3000    6.5138
    0.3500    6.5187
    0.4000    6.4924
    0.4500    6.3396
    0.5000    6.2083
    0.5433    6.2775
    0.5866    6.3683
    0.6299    6.4781
    0.6732    6.6003
    0.7165    6.6176
    0.7598    6.6348
    0.8031    6.6619
    0.8464    6.5441
    0.8897    6.4311
    0.9330    6.3168
    0.9763    6.3197
    1.0196    6.3262
    1.0629    6.3353
    1.1062    6.3361
    1.1495    6.3215
    1.1928    6.3120
    1.2361    6.3091
    1.2794    6.3097
    1.3227    6.3118
    1.3660    6.3149
    1.4160    6.3142
    1.4660    6.3237
    1.5160    6.3348
    1.5660    6.3313
    1.6160    6.2950
    1.6660    6.2279
    1.7160    6.1534
    1.7660    6.0916
    1.8160    6.0521
    1.8660    6.0387
    1.9526    6.0872
    2.0392    6.2210
    2.1258    6.3961
    2.2124    6.5174
    2.2990    6.3168
    2.3856    6.0789
    2.4722    5.8432
    2.5588    5.6378
    2.6454    5.4999
    2.7321    5.4537
 
    0.0000    7.2479
    0.0500    7.1438
    0.1000    6.9615
    0.1500    6.7901
    0.2000    6.6529
    0.2500    6.5592
    0.3000    6.6502
    0.3500    6.6323
    0.4000    6.5738
    0.4500    6.6765
    0.5000    6.8213
    0.5433    6.7444
    0.5866    6.6823
    0.6299    6.6396
    0.6732    6.6181
    0.7165    6.7174
    0.7598    6.7797
    0.8031    6.6631
    0.8464    6.6885
    0.8897    6.6361
    0.9330    6.5806
    0.9763    6.5224
    1.0196    6.4528
    1.0629    6.3988
    1.1062    6.3753
    1.1495    6.3909
    1.1928    6.4237
    1.2361    6.4658
    1.2794    6.5076
    1.3227    6.5335
    1.3660    6.5299
    1.4160    6.6004
    1.4660    6.7076
    1.5160    6.8316
    1.5660    6.9635
    1.6160    6.9195
    1.6660    6.9489
    1.7160    7.0335
    1.7660    7.1524
    1.8160    7.2546
    1.8660    7.2479
    1.9526    7.1016
    2.0392    6.8712
    2.1258    6.7297
    2.2124    6.5920
    2.2990    6.5806
    2.3856    6.5774
    2.4722    6.5762
    2.5588    6.5977
    2.6454    6.6406
    2.7321    6.6680
 
    0.0000    7.2479
    0.0500    7.1438
    0.1000    6.9615
    0.1500    6.7901
    0.2000    6.6529
    0.2500    6.5592
    0.3000    6.6502
    0.3500    6.6323
    0.4000    6.5738
    0.4500    6.6765
    0.5000    6.8213
    0.5433    6.7444
    0.5866    6.6823
    0.6299    6.6396
    0.6732    6.6181
    0.7165    6.7174
    0.7598    6.7797
    0.8031    6.6631
    0.8464    6.6885
    0.8897    6.6361
    0.9330    6.5806
    0.9763    6.5224
    1.0196    6.4528
    1.0629    6.3990
    1.1062    6.3768
    1.1495    6.3938
    1.1928    6.4269
    1.2361    6.4686
    1.2794    6.5095
    1.3227    6.5344
    1.3660    6.5299
    1.4160    6.6004
    1.4660    6.7076
    1.5160    6.8316
    1.5660    6.9635
    1.6160    6.9195
    1.6660    6.9489
    1.7160    7.0335
    1.7660    7.1524
    1.8160    7.2546
    1.8660    7.2479
    1.9526    7.1016
    2.0392    6.8712
    2.1258    6.7298
    2.2124    6.5920
    2.2990    6.5806
    2.3856    6.5774
    2.4722    6.5762
    2.5588    6.5977
    2.6454    6.6406
    2.7321    6.6680
 
    0.0000    7.3491
    0.0500    7.3538
    0.1000    7.3665
    0.1500    7.3846
    0.2000    7.4041
    0.2500    7.2468
    0.3000    7.1026
    0.3500    7.1224
    0.4000    7.2820
    0.4500    7.4003
    0.5000    7.3808
    0.5433    7.3708
    0.5866    7.3079
    0.6299    7.1994
    0.6732    7.0688
    0.7165    6.9303
    0.7598    6.7938
    0.8031    6.7574
    0.8464    6.6982
    0.8897    6.7068
    0.9330    6.7141
    0.9763    6.7481
    1.0196    6.8122
    1.0629    6.8830
    1.1062    6.9564
    1.1495    7.0307
    1.1928    7.1042
    1.2361    7.1631
    1.2794    7.1823
    1.3227    7.1949
    1.3660    7.2195
    1.4160    7.1786
    1.4660    7.1700
    1.5160    7.0744
    1.5660    6.9640
    1.6160    7.0998
    1.6660    7.2341
    1.7160    7.2781
    1.7660    7.2692
    1.8160    7.2801
    1.8660    7.3491
    1.9526    7.3338
    2.0392    7.1911
    2.1258    6.8820
    2.2124    6.6927
    2.2990    6.7141
    2.3856    6.7255
    2.4722    6.7081
    2.5588    6.6824
    2.6454    6.6697
    2.7321    6.6716
 
    0.0000    7.3491
    0.0500    7.3538
    0.1000    7.3665
    0.1500    7.3846
    0.2000    7.4041
    0.2500    7.2468
    0.3000    7.1026
    0.3500    7.1224
    0.4000    7.2820
    0.4500    7.4003
    0.5000    7.3808
    0.5433    7.3708
    0.5866    7.3079
    0.6299    7.1994
    0.6732    7.0689
    0.7165    6.9303
    0.7598    6.7938
    0.8031    6.7574
    0.8464    6.6983
    0.8897    6.7068
    0.9330    6.7141
    0.9763    6.7481
    1.0196    6.8122
    1.0629    6.8831
    1.1062    6.9564
    1.1495    7.0307
    1.1928    7.1042
    1.2361    7.1633
    1.2794    7.1826
    1.3227    7.1951
    1.3660    7.2195
    1.4160    7.1786
    1.4660    7.1700
    1.5160    7.0744
    1.5660    6.9640
    1.6160    7.0998
    1.6660    7.2341
    1.7160    7.2781
    1.7660    7.2692
    1.8160    7.2801
    1.8660    7.3491
    1.9526    7.3338
    2.0392    7.1911
    2.1258    6.8820
    2.2124    6.6927
    2.2990    6.7141
    2.3856    6.7255
    2.4722    6.7081
    2.5588    6.6824
    2.6454    6.6697
    2.7321    6.6716
 
    0.0000    7.3491
    0.0500    7.3538
    0.1000    7.3665
    0.1500    7.3846
    0.2000    7.4041
    0.2500    7.4208
    0.3000    7.4303
    0.3500    7.4292
    0.4000    7.4180
    0.4500    7.4003
    0.5000    7.3808
    0.5433    7.3854
    0.5866    7.3745
    0.6299    7.3296
    0.6732    7.2233
    0.7165    7.1395
    0.7598    7.1309
    0.8031    7.2291
    0.8464    7.3728
    0.8897    7.4157
    0.9330    7.3904
    0.9763    7.4087
    1.0196    7.4130
    1.0629    7.3974
    1.1062    7.3611
    1.1495    7.3159
    1.1928    7.2778
    1.2361    7.2728
    1.2794    7.3353
    1.3227    7.4355
    1.3660    7.5409
    1.4160    7.3859
    1.4660    7.2239
    1.5160    7.1862
    1.5660    7.2162
    1.6160    7.2477
    1.6660    7.2707
    1.7160    7.3603
    1.7660    7.3706
    1.8160    7.3545
    1.8660    7.3491
    1.9526    7.3462
    2.0392    7.4006
    2.1258    7.4119
    2.2124    7.4321
    2.2990    7.3904
    2.3856    7.2916
    2.4722    7.2752
    2.5588    7.2861
    2.6454    7.2014
    2.7321    7.1521
 
    0.0000    7.3491
    0.0500    7.3538
    0.1000    7.3665
    0.1500    7.3846
    0.2000    7.4041
    0.2500    7.4208
    0.3000    7.4303
    0.3500    7.4292
    0.4000    7.4180
    0.4500    7.4003
    0.5000    7.3808
    0.5433    7.3854
    0.5866    7.3745
    0.6299    7.3296
    0.6732    7.2233
    0.7165    7.1395
    0.7598    7.1309
    0.8031    7.2291
    0.8464    7.3728
    0.8897    7.4157
    0.9330    7.3904
    0.9763    7.4087
    1.0196    7.4131
    1.0629    7.3975
    1.1062    7.3612
    1.1495    7.3161
    1.1928    7.2781
    1.2361    7.2730
    1.2794    7.3353
    1.3227    7.4355
    1.3660    7.5409
    1.4160    7.3859
    1.4660    7.2239
    1.5160    7.1862
    1.5660    7.2162
    1.6160    7.2477
    1.6660    7.2707
    1.7160    7.3603
    1.7660    7.3706
    1.8160    7.3545
    1.8660    7.3491
    1.9526    7.3462
    2.0392    7.4006
    2.1258    7.4120
    2.2124    7.4321
    2.2990    7.3904
    2.3856    7.2916
    2.4722    7.2752
    2.5588    7.2861
    2.6454    7.2014
    2.7321    7.1521
 
    0.0000    7.5741
    0.0500    7.5741
    0.1000    7.5742
    0.1500    7.5743
    0.2000    7.4298
    0.2500    7.4208
    0.3000    7.4303
    0.3500    7.4292
    0.4000    7.4180
    0.4500    7.4645
    0.5000    7.5743
    0.5433    7.5377
    0.5866    7.4363
    0.6299    7.3467
    0.6732    7.3123
    0.7165    7.2882
    0.7598    7.2910
    0.8031    7.3341
    0.8464    7.4232
    0.8897    7.5347
    0.9330    7.6315
    0.9763    7.5983
    1.0196    7.5679
    1.0629    7.5593
    1.1062    7.5756
    1.1495    7.6106
    1.1928    7.6588
    1.2361    7.7039
    1.2794    7.6633
    1.3227    7.6166
    1.3660    7.5812
    1.4160    7.5775
    1.4660    7.5722
    1.5160    7.5546
    1.5660    7.5188
    1.6160    7.4744
    1.6660    7.4321
    1.7160    7.3968
    1.7660    7.4690
    1.8160    7.5458
    1.8660    7.5741
    1.9526    7.5191
    2.0392    7.4572
    2.1258    7.4803
    2.2124    7.5408
    2.2990    7.6315
    2.3856    7.6581
    2.4722    7.5335
    2.5588    7.4067
    2.6454    7.4029
    2.7321    7.4066
 
    0.0000    7.5741
    0.0500    7.5741
    0.1000    7.5742
    0.1500    7.5743
    0.2000    7.4298
    0.2500    7.4208
    0.3000    7.4303
    0.3500    7.4292
    0.4000    7.4180
    0.4500    7.4645
    0.5000    7.5743
    0.5433    7.5378
    0.5866    7.4364
    0.6299    7.3467
    0.6732    7.3123
    0.7165    7.2882
    0.7598    7.2910
    0.8031    7.3341
    0.8464    7.4232
    0.8897    7.5347
    0.9330    7.6315
    0.9763    7.5984
    1.0196    7.5680
    1.0629    7.5594
    1.1062    7.5757
    1.1495    7.6107
    1.1928    7.6589
    1.2361    7.7040
    1.2794    7.6633
    1.3227    7.6166
    1.3660    7.5812
    1.4160    7.5775
    1.4660    7.5722
    1.5160    7.5546
    1.5660    7.5188
    1.6160    7.4744
    1.6660    7.4321
    1.7160    7.3968
    1.7660    7.4690
    1.8160    7.5458
    1.8660    7.5741
    1.9526    7.5191
    2.0392    7.4572
    2.1258    7.4803
    2.2124    7.5408
    2.2990    7.6315
    2.3856    7.6581
    2.4722    7.5335
    2.5588    7.4067
    2.6454    7.4029
    2.7321    7.4066
 
    0.0000    7.7169
    0.0500    7.7764
    0.1000    7.7155
    0.1500    7.5951
    0.2000    7.5745
    0.2500    7.5746
    0.3000    7.5746
    0.3500    7.5746
    0.4000    7.5745
    0.4500    7.5744
    0.5000    7.6227
    0.5433    7.5738
    0.5866    7.5822
    0.6299    7.5995
    0.6732    7.6146
    0.7165    7.6148
    0.7598    7.5889
    0.8031    7.5372
    0.8464    7.4791
    0.8897    7.5531
    0.9330    7.7056
    0.9763    7.7576
    1.0196    7.7657
    1.0629    7.7515
    1.1062    7.7477
    1.1495    7.7494
    1.1928    7.7412
    1.2361    7.7236
    1.2794    7.7851
    1.3227    7.8547
    1.3660    7.8922
    1.4160    7.8403
    1.4660    7.7673
    1.5160    7.7224
    1.5660    7.7101
    1.6160    7.7187
    1.6660    7.6738
    1.7160    7.6600
    1.7660    7.6726
    1.8160    7.6977
    1.8660    7.7169
    1.9526    7.7169
    2.0392    7.6425
    2.1258    7.5970
    2.2124    7.5793
    2.2990    7.7056
    2.3856    7.8957
    2.4722    8.0340
    2.5588    8.1370
    2.6454    8.1909
    2.7321    8.1982
 
    0.0000    7.7169
    0.0500    7.7764
    0.1000    7.7155
    0.1500    7.5951
    0.2000    7.5745
    0.2500    7.5746
    0.3000    7.5746
    0.3500    7.5746
    0.4000    7.5745
    0.4500    7.5744
    0.5000    7.6227
    0.5433    7.5738
    0.5866    7.5822
    0.6299    7.5996
    0.6732    7.6146
    0.7165    7.6149
    0.7598    7.5889
    0.8031    7.5372
    0.8464    7.4791
    0.8897    7.5532
    0.9330    7.7056
    0.9763    7.7578
    1.0196    7.7657
    1.0629    7.7515
    1.1062    7.7478
    1.1495    7.7495
    1.1928    7.7412
    1.2361    7.7237
    1.2794    7.7851
    1.3227    7.8547
    1.3660    7.8922
    1.4160    7.8403
    1.4660    7.7673
    1.5160    7.7224
    1.5660    7.7101
    1.6160    7.7187
    1.6660    7.6738
    1.7160    7.6600
    1.7660    7.6726
    1.8160    7.6977
    1.8660    7.7169
    1.9526    7.7169
    2.0392    7.6425
    2.1258    7.5970
    2.2124    7.5793
    2.2990    7.7056
    2.3856    7.8957
    2.4722    8.0340
    2.5588    8.1370
    2.6454    8.1909
    2.7321    8.1982
 
    0.0000    7.7820
    0.0500    7.7764
    0.1000    7.7618
    0.1500    7.7421
    0.2000    7.7215
    0.2500    7.7042
    0.3000    7.6945
    0.3500    7.6956
    0.4000    7.7071
    0.4500    7.7254
    0.5000    7.7461
    0.5433    7.7297
    0.5866    7.7080
    0.6299    7.6917
    0.6732    7.6867
    0.7165    7.6923
    0.7598    7.7055
    0.8031    7.7243
    0.8464    7.7486
    0.8897    7.7804
    0.9330    7.8106
    0.9763    7.7960
    1.0196    7.8388
    1.0629    7.8945
    1.1062    7.9130
    1.1495    7.9005
    1.1928    7.8872
    1.2361    7.8911
    1.2794    7.9015
    1.3227    7.9010
    1.3660    7.9133
    1.4160    7.8880
    1.4660    7.8657
    1.5160    7.8387
    1.5660    7.7937
    1.6160    7.7195
    1.6660    7.7355
    1.7160    7.7534
    1.7660    7.7685
    1.8160    7.7785
    1.8660    7.7820
    1.9526    7.7338
    2.0392    7.6478
    2.1258    7.6210
    2.2124    7.6827
    2.2990    7.8106
    2.3856    7.9830
    2.4722    8.1792
    2.5588    8.3799
    2.6454    8.5834
    2.7321    8.7364
 
    0.0000    7.7820
    0.0500    7.7764
    0.1000    7.7618
    0.1500    7.7421
    0.2000    7.7215
    0.2500    7.7042
    0.3000    7.6945
    0.3500    7.6956
    0.4000    7.7071
    0.4500    7.7254
    0.5000    7.7461
    0.5433    7.7297
    0.5866    7.7080
    0.6299    7.6917
    0.6732    7.6868
    0.7165    7.6923
    0.7598    7.7055
    0.8031    7.7243
    0.8464    7.7486
    0.8897    7.7804
    0.9330    7.8106
    0.9763    7.7960
    1.0196    7.8389
    1.0629    7.8946
    1.1062    7.9131
    1.1495    7.9005
    1.1928    7.8873
    1.2361    7.8914
    1.2794    7.9019
    1.3227    7.9012
    1.3660    7.9133
    1.4160    7.8880
    1.4660    7.8657
    1.5160    7.8387
    1.5660    7.7937
    1.6160    7.7195
    1.6660    7.7355
    1.7160    7.7534
    1.7660    7.7685
    1.8160    7.7785
    1.8660    7.7820
    1.9526    7.7338
    2.0392    7.6478
    2.1258    7.6210
    2.2124    7.6827
    2.2990    7.8106
    2.3856    7.9830
    2.4722    8.1792
    2.5588    8.3799
    2.6454    8.5834
    2.7321    8.7364
 
    0.0000    7.7820
    0.0500    7.7829
    0.1000    7.7618
    0.1500    7.7421
    0.2000    7.7215
    0.2500    7.7042
    0.3000    7.6945
    0.3500    7.6956
    0.4000    7.7071
    0.4500    7.7254
    0.5000    7.7461
    0.5433    7.7445
    0.5866    7.7549
    0.6299    7.7719
    0.6732    7.7908
    0.7165    7.8074
    0.7598    7.8188
    0.8031    7.8229
    0.8464    7.8163
    0.8897    7.8002
    0.9330    7.8273
    0.9763    7.8659
    1.0196    7.9146
    1.0629    7.9521
    1.1062    7.9803
    1.1495    8.0031
    1.1928    8.0054
    1.2361    7.9850
    1.2794    7.9676
    1.3227    7.9673
    1.3660    7.9319
    1.4160    7.9782
    1.4660    7.9585
    1.5160    7.8828
    1.5660    7.8125
    1.6160    7.7891
    1.6660    7.7689
    1.7160    7.7612
    1.7660    7.7757
    1.8160    7.7960
    1.8660    7.7820
    1.9526    7.7937
    2.0392    7.8097
    2.1258    7.8307
    2.2124    7.8267
    2.2990    7.8273
    2.3856    8.0121
    2.4722    8.3330
    2.5588    8.5682
    2.6454    8.6997
    2.7321    8.7697
 
    0.0000    7.7820
    0.0500    7.7829
    0.1000    7.7618
    0.1500    7.7421
    0.2000    7.7215
    0.2500    7.7042
    0.3000    7.6945
    0.3500    7.6956
    0.4000    7.7071
    0.4500    7.7254
    0.5000    7.7461
    0.5433    7.7445
    0.5866    7.7549
    0.6299    7.7719
    0.6732    7.7909
    0.7165    7.8074
    0.7598    7.8188
    0.8031    7.8229
    0.8464    7.8163
    0.8897    7.8002
    0.9330    7.8273
    0.9763    7.8659
    1.0196    7.9147
    1.0629    7.9521
    1.1062    7.9803
    1.1495    8.0031
    1.1928    8.0056
    1.2361    7.9853
    1.2794    7.9679
    1.3227    7.9676
    1.3660    7.9319
    1.4160    7.9782
    1.4660    7.9585
    1.5160    7.8828
    1.5660    7.8125
    1.6160    7.7891
    1.6660    7.7689
    1.7160    7.7612
    1.7660    7.7757
    1.8160    7.7960
    1.8660    7.7820
    1.9526    7.7937
    2.0392    7.8097
    2.1258    7.8307
    2.2124    7.8267
    2.2990    7.8273
    2.3856    8.0121
    2.4722    8.3330
    2.5588    8.5682
    2.6454    8.6997
    2.7321    8.7697
 
    0.0000    7.8038
    0.0500    7.8350
    0.1000    8.0558
    0.1500    8.2019
    0.2000    8.1583
    0.2500    8.1321
    0.3000    8.1206
    0.3500    8.1218
    0.4000    8.1360
    0.4500    8.1653
    0.5000    8.2124
    0.5433    8.1950
    0.5866    8.1890
    0.6299    8.1812
    0.6732    8.1646
    0.7165    8.1427
    0.7598    8.1284
    0.8031    8.1312
    0.8464    8.1499
    0.8897    8.1804
    0.9330    8.2208
    0.9763    8.2302
    1.0196    8.2485
    1.0629    8.2412
    1.1062    8.1798
    1.1495    8.1221
    1.1928    8.0843
    1.2361    8.0643
    1.2794    8.0369
    1.3227    7.9925
    1.3660    7.9687
    1.4160    8.0536
    1.4660    8.1499
    1.5160    8.1761
    1.5660    8.1364
    1.6160    8.0764
    1.6660    8.0270
    1.7160    8.0153
    1.7660    8.0526
    1.8160    7.8752
    1.8660    7.8038
    1.9526    7.9908
    2.0392    8.0735
    2.1258    8.1917
    2.2124    8.2102
    2.2990    8.2208
    2.3856    8.3330
    2.4722    8.5107
    2.5588    8.6824
    2.6454    8.8012
    2.7321    8.8415
 
    0.0000    7.8038
    0.0500    7.8350
    0.1000    8.0558
    0.1500    8.2019
    0.2000    8.1583
    0.2500    8.1321
    0.3000    8.1206
    0.3500    8.1218
    0.4000    8.1360
    0.4500    8.1653
    0.5000    8.2124
    0.5433    8.1950
    0.5866    8.1890
    0.6299    8.1812
    0.6732    8.1646
    0.7165    8.1427
    0.7598    8.1284
    0.8031    8.1312
    0.8464    8.1499
    0.8897    8.1804
    0.9330    8.2208
    0.9763    8.2304
    1.0196    8.2487
    1.0629    8.2413
    1.1062    8.1799
    1.1495    8.1224
    1.1928    8.0845
    1.2361    8.0644
    1.2794    8.0369
    1.3227    7.9925
    1.3660    7.9687
    1.4160    8.0536
    1.4660    8.1499
    1.5160    8.1761
    1.5660    8.1364
    1.6160    8.0764
    1.6660    8.0270
    1.7160    8.0153
    1.7660    8.0526
    1.8160    7.8752
    1.8660    7.8038
    1.9526    7.9908
    2.0392    8.0736
    2.1258    8.1917
    2.2124    8.2102
    2.2990    8.2208
    2.3856    8.3330
    2.4722    8.5107
    2.5588    8.6824
    2.6454    8.8012
    2.7321    8.8415
 
    0.0000    8.3039
    0.0500    8.3042
    0.1000    8.2605
    0.1500    8.2642
    0.2000    8.2971
    0.2500    8.2992
    0.3000    8.2996
    0.3500    8.2996
    0.4000    8.2990
    0.4500    8.2960
    0.5000    8.2323
    0.5433    8.2691
    0.5866    8.2712
    0.6299    8.3028
    0.6732    8.3578
    0.7165    8.4228
    0.7598    8.4845
    0.8031    8.5301
    0.8464    8.5514
    0.8897    8.5532
    0.9330    8.5510
    0.9763    8.4777
    1.0196    8.3879
    1.0629    8.3613
    1.1062    8.4333
    1.1495    8.5202
    1.1928    8.4506
    1.2361    8.3539
    1.2794    8.2523
    1.3227    8.1501
    1.3660    8.0763
    1.4160    8.1405
    1.4660    8.1779
    1.5160    8.2527
    1.5660    8.3538
    1.6160    8.4397
    1.6660    8.4135
    1.7160    8.2433
    1.7660    8.0586
    1.8160    8.1719
    1.8660    8.3039
    1.9526    8.1424
    2.0392    8.3798
    2.1258    8.3205
    2.2124    8.3670
    2.2990    8.5510
    2.3856    8.6997
    2.4722    8.7995
    2.5588    8.9204
    2.6454    8.9574
    2.7321    8.8461
 
    0.0000    8.3039
    0.0500    8.3042
    0.1000    8.2605
    0.1500    8.2642
    0.2000    8.2971
    0.2500    8.2992
    0.3000    8.2996
    0.3500    8.2996
    0.4000    8.2990
    0.4500    8.2960
    0.5000    8.2323
    0.5433    8.2691
    0.5866    8.2712
    0.6299    8.3028
    0.6732    8.3579
    0.7165    8.4228
    0.7598    8.4845
    0.8031    8.5301
    0.8464    8.5514
    0.8897    8.5532
    0.9330    8.5510
    0.9763    8.4784
    1.0196    8.3886
    1.0629    8.3614
    1.1062    8.4335
    1.1495    8.5207
    1.1928    8.4515
    1.2361    8.3546
    1.2794    8.2529
    1.3227    8.1505
    1.3660    8.0763
    1.4160    8.1405
    1.4660    8.1779
    1.5160    8.2527
    1.5660    8.3538
    1.6160    8.4397
    1.6660    8.4135
    1.7160    8.2433
    1.7660    8.0586
    1.8160    8.1719
    1.8660    8.3039
    1.9526    8.1424
    2.0392    8.3798
    2.1258    8.3205
    2.2124    8.3670
    2.2990    8.5510
    2.3856    8.6997
    2.4722    8.7995
    2.5588    8.9204
    2.6454    8.9574
    2.7321    8.8461
 
    0.0000    8.3381
    0.0500    8.3153
    0.1000    8.3059
    0.1500    8.3269
    0.2000    8.4945
    0.2500    8.6395
    0.3000    8.7136
    0.3500    8.7054
    0.4000    8.6162
    0.4500    8.4600
    0.5000    8.3155
    0.5433    8.3816
    0.5866    8.4968
    0.6299    8.6039
    0.6732    8.6930
    0.7165    8.7336
    0.7598    8.7299
    0.8031    8.7366
    0.8464    8.7559
    0.8897    8.7871
    0.9330    8.8295
    0.9763    8.8487
    1.0196    8.7962
    1.0629    8.7173
    1.1062    8.6336
    1.1495    8.5495
    1.1928    8.5916
    1.2361    8.6075
    1.2794    8.5998
    1.3227    8.5974
    1.3660    8.6084
    1.4160    8.5860
    1.4660    8.5946
    1.5160    8.6101
    1.5660    8.5978
    1.6160    8.5355
    1.6660    8.4922
    1.7160    8.4996
    1.7660    8.4511
    1.8160    8.3694
    1.8660    8.3381
    1.9526    8.3715
    2.0392    8.4039
    2.1258    8.6483
    2.2124    8.7265
    2.2990    8.8295
    2.3856    8.9513
    2.4722    9.0575
    2.5588    9.0914
    2.6454    9.1134
    2.7321    9.1493
 
    0.0000    8.3381
    0.0500    8.3153
    0.1000    8.3059
    0.1500    8.3269
    0.2000    8.4945
    0.2500    8.6395
    0.3000    8.7136
    0.3500    8.7054
    0.4000    8.6162
    0.4500    8.4600
    0.5000    8.3155
    0.5433    8.3817
    0.5866    8.4968
    0.6299    8.6040
    0.6732    8.6930
    0.7165    8.7336
    0.7598    8.7299
    0.8031    8.7366
    0.8464    8.7559
    0.8897    8.7871
    0.9330    8.8295
    0.9763    8.8496
    1.0196    8.7968
    1.0629    8.7179
    1.1062    8.6343
    1.1495    8.5496
    1.1928    8.5917
    1.2361    8.6075
    1.2794    8.5999
    1.3227    8.5974
    1.3660    8.6084
    1.4160    8.5860
    1.4660    8.5946
    1.5160    8.6101
    1.5660    8.5978
    1.6160    8.5355
    1.6660    8.4922
    1.7160    8.4996
    1.7660    8.4511
    1.8160    8.3694
    1.8660    8.3381
    1.9526    8.3715
    2.0392    8.4039
    2.1258    8.6483
    2.2124    8.7265
    2.2990    8.8295
    2.3856    8.9513
    2.4722    9.0575
    2.5588    9.0914
    2.6454    9.1134
    2.7321    9.1493
 
    0.0000    8.4226
    0.0500    8.4453
    0.1000    8.5076
    0.1500    8.5965
    0.2000    8.6967
    0.2500    8.7952
    0.3000    8.8810
    0.3500    8.8661
    0.4000    8.7767
    0.4500    8.6769
    0.5000    8.5778
    0.5433    8.6273
    0.5866    8.6763
    0.6299    8.7155
    0.6732    8.7347
    0.7165    8.7609
    0.7598    8.8099
    0.8031    8.8478
    0.8464    8.8713
    0.8897    8.8881
    0.9330    8.9167
    0.9763    8.8696
    1.0196    8.8770
    1.0629    8.8726
    1.1062    8.8382
    1.1495    8.8000
    1.1928    8.7822
    1.2361    8.7979
    1.2794    8.8157
    1.3227    8.8063
    1.3660    8.7665
    1.4160    8.8317
    1.4660    8.8345
    1.5160    8.8134
    1.5660    8.8018
    1.6160    8.8177
    1.6660    8.6875
    1.7160    8.5614
    1.7660    8.4724
    1.8160    8.4379
    1.8660    8.4226
    1.9526    8.4617
    2.0392    8.5604
    2.1258    8.6791
    2.2124    8.8667
    2.2990    8.9167
    2.3856    8.9790
    2.4722    9.0661
    2.5588    9.1304
    2.6454    9.1896
    2.7321    9.2298
 
    0.0000    8.4226
    0.0500    8.4453
    0.1000    8.5076
    0.1500    8.5965
    0.2000    8.6967
    0.2500    8.7952
    0.3000    8.8810
    0.3500    8.8661
    0.4000    8.7767
    0.4500    8.6769
    0.5000    8.5778
    0.5433    8.6273
    0.5866    8.6763
    0.6299    8.7155
    0.6732    8.7347
    0.7165    8.7610
    0.7598    8.8099
    0.8031    8.8478
    0.8464    8.8713
    0.8897    8.8881
    0.9330    8.9167
    0.9763    8.8699
    1.0196    8.8782
    1.0629    8.8738
    1.1062    8.8393
    1.1495    8.8012
    1.1928    8.7834
    1.2361    8.7990
    1.2794    8.8163
    1.3227    8.8065
    1.3660    8.7665
    1.4160    8.8317
    1.4660    8.8345
    1.5160    8.8134
    1.5660    8.8018
    1.6160    8.8177
    1.6660    8.6875
    1.7160    8.5614
    1.7660    8.4724
    1.8160    8.4379
    1.8660    8.4226
    1.9526    8.4617
    2.0392    8.5604
    2.1258    8.6792
    2.2124    8.8668
    2.2990    8.9167
    2.3856    8.9791
    2.4722    9.0661
    2.5588    9.1304
    2.6454    9.1896
    2.7321    9.2298
 
    0.0000    8.4226
    0.0500    8.4453
    0.1000    8.5076
    0.1500    8.5965
    0.2000    8.6967
    0.2500    8.7952
    0.3000    8.8810
    0.3500    8.8661
    0.4000    8.7767
    0.4500    8.6769
    0.5000    8.5778
    0.5433    8.6700
    0.5866    8.8027
    0.6299    8.9337
    0.6732    8.8980
    0.7165    8.8761
    0.7598    8.8687
    0.8031    8.8663
    0.8464    8.8883
    0.8897    8.9391
    0.9330    8.9979
    0.9763    9.0372
    1.0196    9.0575
    1.0629    9.0821
    1.1062    9.1253
    1.1495    9.1743
    1.1928    9.2197
    1.2361    9.2509
    1.2794    9.2509
    1.3227    9.2466
    1.3660    9.2498
    1.4160    9.2331
    1.4660    9.2023
    1.5160    9.1158
    1.5660    8.9762
    1.6160    8.8280
    1.6660    8.8600
    1.7160    8.8954
    1.7660    8.7891
    1.8160    8.5866
    1.8660    8.4226
    1.9526    8.7030
    2.0392    8.8771
    2.1258    8.8177
    2.2124    8.8876
    2.2990    8.9979
    2.3856    9.0286
    2.4722    9.0779
    2.5588    9.1806
    2.6454    9.2340
    2.7321    9.2341
 
    0.0000    8.4226
    0.0500    8.4453
    0.1000    8.5076
    0.1500    8.5965
    0.2000    8.6967
    0.2500    8.7952
    0.3000    8.8810
    0.3500    8.8661
    0.4000    8.7767
    0.4500    8.6769
    0.5000    8.5778
    0.5433    8.6700
    0.5866    8.8027
    0.6299    8.9337
    0.6732    8.8980
    0.7165    8.8761
    0.7598    8.8687
    0.8031    8.8663
    0.8464    8.8883
    0.8897    8.9392
    0.9330    8.9980
    0.9763    9.0373
    1.0196    9.0575
    1.0629    9.0822
    1.1062    9.1255
    1.1495    9.1745
    1.1928    9.2199
    1.2361    9.2509
    1.2794    9.2513
    1.3227    9.2470
    1.3660    9.2498
    1.4160    9.2331
    1.4660    9.2023
    1.5160    9.1158
    1.5660    8.9762
    1.6160    8.8280
    1.6660    8.8600
    1.7160    8.8954
    1.7660    8.7891
    1.8160    8.5866
    1.8660    8.4226
    1.9526    8.7030
    2.0392    8.8771
    2.1258    8.8177
    2.2124    8.8876
    2.2990    8.9980
    2.3856    9.0286
    2.4722    9.0779
    2.5588    9.1806
    2.6454    9.2341
    2.7321    9.2341
 
    0.0000    9.1312
    0.0500    9.1268
    0.1000    9.1135
    0.1500    9.0905
    0.2000    9.0565
    0.2500    9.0101
    0.3000    8.9516
    0.3500    8.9635
    0.4000    9.0202
    0.4500    9.0641
    0.5000    9.0958
    0.5433    9.0653
    0.5866    9.0091
    0.6299    8.9460
    0.6732    9.0154
    0.7165    9.0437
    0.7598    9.0605
    0.8031    9.0838
    0.8464    9.1181
    0.8897    9.1597
    0.9330    9.2029
    0.9763    9.2330
    1.0196    9.2806
    1.0629    9.3232
    1.1062    9.3449
    1.1495    9.3437
    1.1928    9.3262
    1.2361    9.3109
    1.2794    9.3273
    1.3227    9.3574
    1.3660    9.3811
    1.4160    9.3243
    1.4660    9.2341
    1.5160    9.1607
    1.5660    9.1144
    1.6160    9.0737
    1.6660    9.0533
    1.7160    9.0628
    1.7660    9.0668
    1.8160    9.1113
    1.8660    9.1312
    1.9526    9.0476
    2.0392    9.0594
    2.1258    9.1951
    2.2124    9.2129
    2.2990    9.2029
    2.3856    9.2207
    2.4722    9.2441
    2.5588    9.2526
    2.6454    9.2484
    2.7321    9.2395
 
    0.0000    9.1312
    0.0500    9.1268
    0.1000    9.1135
    0.1500    9.0905
    0.2000    9.0565
    0.2500    9.0101
    0.3000    8.9516
    0.3500    8.9635
    0.4000    9.0202
    0.4500    9.0641
    0.5000    9.0958
    0.5433    9.0653
    0.5866    9.0091
    0.6299    8.9460
    0.6732    9.0154
    0.7165    9.0437
    0.7598    9.0605
    0.8031    9.0838
    0.8464    9.1181
    0.8897    9.1597
    0.9330    9.2029
    0.9763    9.2331
    1.0196    9.2809
    1.0629    9.3236
    1.1062    9.3452
    1.1495    9.3439
    1.1928    9.3264
    1.2361    9.3112
    1.2794    9.3274
    1.3227    9.3574
    1.3660    9.3811
    1.4160    9.3243
    1.4660    9.2341
    1.5160    9.1607
    1.5660    9.1144
    1.6160    9.0737
    1.6660    9.0533
    1.7160    9.0628
    1.7660    9.0668
    1.8160    9.1113
    1.8660    9.1312
    1.9526    9.0476
    2.0392    9.0594
    2.1258    9.1951
    2.2124    9.2129
    2.2990    9.2029
    2.3856    9.2207
    2.4722    9.2441
    2.5588    9.2526
    2.6454    9.2484
    2.7321    9.2395
 
    0.0000    9.1312
    0.0500    9.1268
    0.1000    9.1135
    0.1500    9.0905
    0.2000    9.0565
    0.2500    9.0101
    0.3000    8.9516
    0.3500    8.9635
    0.4000    9.0202
    0.4500    9.0641
    0.5000    9.0958
    0.5433    9.0876
    0.5866    9.0910
    0.6299    9.1168
    0.6732    9.2054
    0.7165    9.3612
    0.7598    9.5466
    0.8031    9.7485
    0.8464    9.9618
    0.8897   10.1827
    0.9330   10.4077
    0.9763   10.3821
    1.0196   10.3080
    1.0629   10.1947
    1.1062   10.0552
    1.1495    9.9039
    1.1928    9.7545
    1.2361    9.6188
    1.2794    9.5056
    1.3227    9.4226
    1.3660    9.3839
    1.4160    9.4199
    1.4660    9.4551
    1.5160    9.4605
    1.5660    9.4228
    1.6160    9.3400
    1.6660    9.2178
    1.7160    9.0850
    1.7660    9.0922
    1.8160    9.1201
    1.8660    9.1312
    1.9526    9.1486
    2.0392    9.2172
    2.1258    9.5362
    2.2124    9.9623
    2.2990   10.4077
    2.3856   10.8537
    2.4722   11.2736
    2.5588   11.6303
    2.6454   11.8771
    2.7321   11.9665
 
    0.0000    9.1312
    0.0500    9.1268
    0.1000    9.1135
    0.1500    9.0905
    0.2000    9.0565
    0.2500    9.0101
    0.3000    8.9516
    0.3500    8.9635
    0.4000    9.0202
    0.4500    9.0641
    0.5000    9.0958
    0.5433    9.0876
    0.5866    9.0910
    0.6299    9.1168
    0.6732    9.2054
    0.7165    9.3613
    0.7598    9.5466
    0.8031    9.7485
    0.8464    9.9618
    0.8897   10.1827
    0.9330   10.4077
    0.9763   10.3823
    1.0196   10.3084
    1.0629   10.1953
    1.1062   10.0559
    1.1495    9.9046
    1.1928    9.7552
    1.2361    9.6192
    1.2794    9.5057
    1.3227    9.4228
    1.3660    9.3839
    1.4160    9.4199
    1.4660    9.4551
    1.5160    9.4605
    1.5660    9.4228
    1.6160    9.3400
    1.6660    9.2178
    1.7160    9.0850
    1.7660    9.0922
    1.8160    9.1201
    1.8660    9.1312
    1.9526    9.1486
    2.0392    9.2172
    2.1258    9.5362
    2.2124    9.9623
    2.2990   10.4077
    2.3856   10.8537
    2.4722   11.2736
    2.5588   11.6303
    2.6454   11.8771
    2.7321   11.9665
 
    0.0000   12.1043
    0.0500   12.1480
    0.1000   12.2677
    0.1500   12.4338
    0.2000   12.6071
    0.2500   12.7468
    0.3000   12.8205
    0.3500   12.8123
    0.4000   12.7239
    0.4500   12.5747
    0.5000   12.3995
    0.5433   12.5092
    0.5866   12.6525
    0.6299   12.8117
    0.6732   12.9712
    0.7165   13.1208
    0.7598   13.2565
    0.8031   13.3798
    0.8464   13.4944
    0.8897   13.5988
    0.9330   13.6320
    0.9763   13.5952
    1.0196   13.5736
    1.0629   13.5668
    1.1062   13.5749
    1.1495   13.5980
    1.1928   13.6362
    1.2361   13.6872
    1.2794   13.7466
    1.3227   13.8067
    1.3660   13.8577
    1.4160   13.7964
    1.4660   13.7899
    1.5160   13.7967
    1.5660   13.4994
    1.6160   13.1758
    1.6660   12.8522
    1.7160   12.5565
    1.7660   12.3169
    1.8160   12.1594
    1.8660   12.1043
    1.9526   12.2530
    2.0392   12.6257
    2.1258   13.0715
    2.2124   13.4416
    2.2990   13.6320
    2.3856   13.3879
    2.4722   12.9776
    2.5588   12.6232
    2.6454   12.4136
    2.7321   12.3525
 
    0.0000   12.1043
    0.0500   12.1480
    0.1000   12.2677
    0.1500   12.4338
    0.2000   12.6071
    0.2500   12.7468
    0.3000   12.8205
    0.3500   12.8123
    0.4000   12.7239
    0.4500   12.5747
    0.5000   12.3995
    0.5433   12.5092
    0.5866   12.6525
    0.6299   12.8117
    0.6732   12.9712
    0.7165   13.1208
    0.7598   13.2565
    0.8031   13.3798
    0.8464   13.4944
    0.8897   13.5988
    0.9330   13.6320
    0.9763   13.5953
    1.0196   13.5736
    1.0629   13.5669
    1.1062   13.5749
    1.1495   13.5981
    1.1928   13.6362
    1.2361   13.6872
    1.2794   13.7467
    1.3227   13.8067
    1.3660   13.8577
    1.4160   13.7964
    1.4660   13.7899
    1.5160   13.7967
    1.5660   13.4994
    1.6160   13.1758
    1.6660   12.8522
    1.7160   12.5565
    1.7660   12.3169
    1.8160   12.1594
    1.8660   12.1043
    1.9526   12.2530
    2.0392   12.6257
    2.1258   13.0715
    2.2124   13.4416
    2.2990   13.6320
    2.3856   13.3879
    2.4722   12.9776
    2.5588   12.6232
    2.6454   12.4136
    2.7321   12.3525
 
    0.0000   14.2098
    0.0500   14.2135
    0.1000   14.2260
    0.1500   14.2525
    0.2000   14.3032
    0.2500   14.3884
    0.3000   14.5030
    0.3500   14.4796
    0.4000   14.3689
    0.4500   14.2909
    0.5000   14.2458
    0.5433   14.2777
    0.5866   14.3364
    0.6299   14.4038
    0.6732   14.4406
    0.7165   14.4287
    0.7598   14.3822
    0.8031   14.2971
    0.8464   14.1642
    0.8897   13.9917
    0.9330   13.8570
    0.9763   13.8761
    1.0196   13.9051
    1.0629   13.9447
    1.1062   13.9943
    1.1495   14.0521
    1.1928   14.1160
    1.2361   14.1835
    1.2794   14.2519
    1.3227   14.3130
    1.3660   14.3023
    1.4160   14.2422
    1.4660   14.0478
    1.5160   13.8391
    1.5660   13.9372
    1.6160   14.0739
    1.6660   14.2364
    1.7160   14.4119
    1.7660   14.3363
    1.8160   14.2422
    1.8660   14.2098
    1.9526   14.2748
    2.0392   14.3580
    2.1258   14.1936
    2.2124   14.0321
    2.2990   13.8570
    2.3856   13.9102
    2.4722   14.0641
    2.5588   14.1964
    2.6454   14.2612
    2.7321   14.2723
 
    0.0000   14.2098
    0.0500   14.2135
    0.1000   14.2260
    0.1500   14.2525
    0.2000   14.3032
    0.2500   14.3884
    0.3000   14.5030
    0.3500   14.4796
    0.4000   14.3689
    0.4500   14.2909
    0.5000   14.2458
    0.5433   14.2777
    0.5866   14.3364
    0.6299   14.4038
    0.6732   14.4406
    0.7165   14.4287
    0.7598   14.3822
    0.8031   14.2971
    0.8464   14.1642
    0.8897   13.9917
    0.9330   13.8570
    0.9763   13.8761
    1.0196   13.9051
    1.0629   13.9447
    1.1062   13.9943
    1.1495   14.0522
    1.1928   14.1160
    1.2361   14.1836
    1.2794   14.2519
    1.3227   14.3130
    1.3660   14.3023
    1.4160   14.2422
    1.4660   14.0478
    1.5160   13.8391
    1.5660   13.9372
    1.6160   14.0739
    1.6660   14.2364
    1.7160   14.4119
    1.7660   14.3363
    1.8160   14.2422
    1.8660   14.2098
    1.9526   14.2748
    2.0392   14.3580
    2.1258   14.1936
    2.2124   14.0321
    2.2990   13.8570
    2.3856   13.9102
    2.4722   14.0641
    2.5588   14.1964
    2.6454   14.2612
    2.7321   14.2723
 
