   h    k    l      d (Å)      F(real)      F(imag)          |F|         2θ          I    M ID(λ) Phase
   0    0   -1   4.160100    47.306129    15.485814      49.7763   21.34127   22.70198    1     1     1
   0    0    1   4.160100    48.169565    -2.350082      48.2269   21.34127   21.31064    1     1     1
   0    0   -1   4.160100    47.312827    15.508327      49.7897   21.39356   11.29950    1     2     1
   0    0    1   4.160100    48.179652    -2.326561      48.2358   21.39356   10.60522    1     2     1
   1    0    0   3.898100    45.196626     6.501738      45.6619   22.79425   66.62430    4     1     1
   1    0    0   3.898100    45.205066     6.524491      45.6735   22.85020   33.15897    4     2     1
   1    0    1   2.844489    77.163726     9.684252      77.7691   31.42412   97.89688    4     1     1
   1    0   -1   2.844489    77.936935    10.187723         78.6   31.42412  100.00000    4     1     1
   1    0    1   2.844489    77.165281     9.719639       77.775   31.50220   48.69480    4     2     1
   1    0   -1   2.844489    77.941462    10.224612      78.6093   31.50220   49.74504    4     2     1
   1    1    0   2.756373    76.031031     9.989337      76.6844   32.45598   88.77157    4     1     1
   1    1    0   2.756373    76.033934    10.025675      76.6921   32.53676   44.15645    4     2     1
   1    1   -1   2.297772    57.974047    -0.518209      57.9764   39.17380   33.60559    4     1     1
   1    1    1   2.297772    58.659907    13.519780      60.1978   39.17380   36.23015    4     1     1
   1    1   -1   2.297772    57.981537    -0.496317      57.9837   39.27257   16.71340    4     2     1
   1    1    1   2.297772    58.669967    13.543651      60.2129   39.27257   18.02324    4     2     1
   0    0   -2   2.080050    74.103478   -11.031837      74.9201   43.47144   11.11935    1     1     1
   0    0    2   2.080050    72.382468    30.221337      78.4382   43.47144   12.18814    1     1     1
   0    0   -2   2.080050    74.110279   -10.996304      74.9216   43.58210    5.52821    1     2     1
   0    0    2   2.080050    72.382437    30.255584      78.4514   43.58210    6.06137    1     2     1
   2    0    0   1.949050    86.001520     9.915860      86.5713   46.55894   50.86729    4     1     1
   2    0    0   1.949050    86.005053     9.952061      86.5789   46.67837   25.29096    4     2     1
   1    0   -2   1.835130    43.259149    16.595997      46.3334   49.63764   12.59902    4     1     1
   1    0    2   1.835130    44.848447    -3.717541      45.0023   49.63764   11.88551    4     1     1
   1    0   -2   1.835130    43.263981    16.617642      46.3456   49.76602    6.26591    4     2     1
   1    0    2   1.835130    44.859504    -3.693903      45.0113   49.76602    5.91031    4     2     1
   2    0   -1   1.764947    39.072480    12.111978      40.9067   51.75413    8.92991    4     1     1
   2    0    1   1.764947    39.915871     0.396809      39.9178   51.75413    8.50339    4     1     1
   2    0   -1   1.764947    39.078912    12.133390      40.9192   51.88879    4.44131    4     2     1
   2    0    1   1.764947    39.925614     0.419208      39.9278   51.88879    4.22871    4     2     1
   2    1    0   1.743283    37.752483     6.188573      38.2564   52.44592   15.15509    8     1     1
   2    1    0   1.743283    37.760610     6.210215      38.2679   52.58265    7.53727    8     2     1
   1    1    2   1.660340    63.741867    11.183898      64.7156   55.28314   19.23394    4     1     1
   1    1   -2   1.660340    65.203571     7.603771      65.6454   55.28314   19.79063    4     1     1
   1    1    2   1.660340    63.742276    11.216713      64.7217   55.42853    9.56156    4     2     1
   1    1   -2   1.660340    65.209616     7.639262      65.6556   55.42853    9.83949    4     2     1
   2    1   -1   1.607822    62.984752     9.089364      63.6372   57.25239   34.35899    8     1     1
   2    1    1   1.607822    62.225920    10.009753      63.0259   57.25239   33.70200    8     1     1
   2    1   -1   1.607822    62.989078     9.124831      63.6466   57.40392   17.08215    8     2     1
   2    1    1   1.607822    62.227327    10.043770      63.0327   57.40392   16.75421    8     2     1
   2    0   -2   1.422245    60.890229    -5.394507      61.1287   65.58609   11.73142    4     1     1
   2    0    2   1.422245    59.211686    23.830134      63.8271   65.58609   12.78999    4     1     1
   2    0    2   1.422245    59.211550    23.863022      63.8393   65.76499    6.36022    4     2     1
   2    0   -2   1.422245    60.896754    -5.360341      61.1322   65.76499    5.83225    4     2     1
   0    0   -3   1.386700    40.703902    15.672366      43.6169   67.48879    1.40529    1     1     1
   0    0    3   1.386700    42.820099    -2.869011      42.9161   67.48879    1.36050    1     1     1
   0    0   -3   1.386700    40.707140    15.693532      43.6275   67.67429    0.69896    1     2     1
   0    0    3   1.386700    42.831599    -2.844949       42.926   67.67429    0.67666    1     2     1
   2    2    0   1.378186    69.196167     9.529834      69.8493   67.96233   14.20676    4     1     1
   2    2    0   1.378186    69.199497     9.564634      69.8574   68.14949    7.06448    4     2     1
   2    1    2   1.336092    38.290614    -1.710346      38.3288   70.41363    7.95725    8     1     1
   2    1   -2   1.336092    36.735618    13.981168      39.3062   70.41363    8.36826    8     1     1
   2    1    2   1.336092    38.301312    -1.687816      38.3385   70.60957    3.95855    8     2     1
   2    1   -2   1.336092    36.740225    14.001761      39.3179   70.60957    4.16338    8     2     1
   2    2   -1   1.308263    33.798924    10.407534       35.365   72.14282    3.22868    4     1     1
   2    2    1   1.308263    34.622687     1.502558      34.6553   72.14282    3.10039    4     1     1
   1    0   -3   1.306494    56.770612     4.538709      56.9518   72.25590    8.34780    4     1     1
   1    0    3   1.306494    54.757199    13.028915      56.2859   72.25590    8.15374    4     1     1
   2    2   -1   1.308263    33.805103    10.427894      35.3769   72.34511    1.60668    4     2     1
   2    2    1   1.308263    34.632099     1.523886      34.6656   72.34511    1.54272    4     2     1
   1    0   -3   1.306494    56.778056     4.572315      56.9619   72.45862    4.15283    4     2     1
   1    0    3   1.306494    54.756851    13.059109      56.2926   72.45862    4.05581    4     2     1
   3    0    0   1.299367    33.414132     5.895636      33.9303   72.71541    2.92701    4     1     1
   3    0    0   1.299367    33.421995     5.916245      33.9416   72.91984    1.45663    4     2     1
   3    0   -1   1.240276    53.291867     8.851226      54.0219   76.78843    6.71628    4     1     1
   3    0    1   1.240276    52.555351     9.497365      53.4066   76.78843    6.56415    4     1     1
   1    1   -3   1.238768    31.325904     6.129173      31.9199   76.89901    2.33902    4     1     1
   1    1    3   1.238768    33.239635     6.238235      33.8199   76.89901    2.62577    4     1     1
   3    0   -1   1.240276    53.295957     8.885331      54.0315   77.00852    3.34283    4     2     1
   3    0    1   1.240276    52.556611     9.530024      53.4137   77.00852    3.26681    4     2     1
   1    1   -3   1.238768    31.329067     6.148981      31.9268   77.11953    1.16428    4     2     1
   1    1    3   1.238768    33.250134     6.261952      33.8346   77.11953    1.30759    4     2     1
   3    1    0   1.232687    52.548716     9.227097      53.3527   77.34851   12.93979    8     1     1
   3    1    0   1.232687    52.551269     9.260679       53.361   77.57082    6.44059    8     2     1
   3    1   -1   1.181893    39.244956     3.002614      39.3597   81.34703    6.50297    8     1     1
   3    1    1   1.181893    39.904869     8.786723      40.8608   81.34703    7.00846    8     1     1
   3    1   -1   1.181893    39.251865     3.022406      39.3681   81.58573    3.23911    8     2     1
   3    1    1   1.181893    39.914254     8.808379      40.8746   81.58573    3.49177    8     2     1
   2    2   -2   1.148886    52.224144    -2.592568      52.2885   84.20707    5.47549    4     1     1
   2    2    2   1.148886    50.587029    20.304946        54.51   84.20707    5.95063    4     1     1
   2    2   -2   1.148886    52.230404    -2.559715      52.2931   84.45812    2.72810    4     2     1
   2    2    2   1.148886    50.586796    20.336531      54.5215   84.45812    2.96557    4     2     1
   2    0   -3   1.129904    35.050625    13.720103      37.6402   85.95889    2.76877    4     1     1
   2    0    3   1.129904    37.118405    -1.509179      37.1491   85.95889    2.69699    4     1     1
   2    0   -3   1.129904    35.053683    13.740245      37.6504   86.21777    1.38052    4     2     1
   2    0    3   1.129904    37.129536    -1.486203      37.1593   86.21777    1.34473    4     2     1
   3    0   -2   1.102019    32.007675    11.896475       34.147   88.69151    2.20771    4     1     1
   3    0    2   1.102019    33.517533    -0.205096      33.5182   88.69151    2.12715    4     1     1
   3    0   -2   1.102019    32.012097    11.916032       34.158   88.96308    1.10158    4     2     1
   3    0    2   1.102019    33.527862    -0.183587      33.5284   88.96308    1.06134    4     2     1
   2    1   -3   1.085234    49.047589     4.565070      49.2596   90.43693    9.04234    8     1     1
   2    1    3   1.085234    47.076411    12.303574      48.6576   90.43693    8.82271    8     1     1
   2    1   -3   1.085234    49.054760     4.597363      49.2697   90.71692    4.51277    8     2     1
   2    1    3   1.085234    47.075950    12.332552      48.6645   90.71692    4.40259    8     2     1
   3    2    0   1.081138    29.348800     5.609919      29.8801   90.87516    3.31541    8     1     1
   3    2    0   1.081138    29.356373     5.629515      29.8913   91.15731    1.65537    8     2     1
   3    1   -2   1.060456    47.964815     6.954768      48.4664   93.16792    8.59214    8     1     1
   3    1    2   1.060456    46.567067    10.387755      47.7116   93.16792    8.32660    8     1     1
   3    1   -2   1.060456    47.970379     6.987582      48.4766   93.46163    4.29130    8     2     1
   3    1    2   1.060456    46.567241    10.418021      47.7184   93.46163    4.15811    8     2     1
   3    2   -1   1.046380    46.688998     8.323577      47.4251   94.80958    8.16619    8     1     1
   3    2    1   1.046380    45.966211     9.313578      46.9003   94.80958    7.98643    8     1     1
   3    2   -1   1.046380    46.692906     8.356372      47.4348   95.11187    4.08043    8     2     1
   3    2    1   1.046380    45.967339     9.344976      46.9076   95.11187    3.99024    8     2     1
   0    0   -4   1.040025    38.160249     0.555964      38.1643   95.57395    0.65939    1     1     1
   0    0    4   1.040025    35.767670    15.158233      38.8471   95.57395    0.68320    1     1     1
   0    0   -4   1.040025    38.168084     0.586067      38.1726   95.88033    0.32956    1     2     1
   0    0    4   1.040025    35.766184    15.184869      38.8561   95.88033    0.34147    1     2     1
   1    0   -4   1.004874    33.287690    12.497781      35.5565  100.09195    2.28331    4     1     1
   1    0    4   1.004874    35.648214    -0.250199      35.6491  100.09195    2.29522    4     1     1
   1    0   -4   1.004874    33.289514    12.517737      35.5652  100.42380    1.14290    4     2     1
   1    0    4   1.004874    35.659222    -0.226689      35.6599  100.42380    1.14899    4     2     1
   2    2    3   0.977521    32.735512    -0.745708       32.744  103.99987    1.96289    4     1     1
   2    2   -3   0.977521    30.715094    12.390411      33.1201  103.99987    2.00823    4     1     1
   2    2    3   0.977521    32.746287    -0.723770      32.7543  104.35580    0.98396    4     2     1
   2    2   -3   0.977521    30.717981    12.409575      33.1299  104.35580    1.00666    4     2     1
   4    0    0   0.974525    51.161404     8.804268      51.9134  104.45194    4.94614    4     1     1
   1    1   -4   0.973063    43.406245     2.261297      43.4651  104.67444    3.47173    4     1     1
   1    1    4   0.973063    41.077083    13.335760      43.1876  104.67444    3.42754    4     1     1
   4    0    0   0.974525    51.164357     8.836435      51.9218  104.81078    2.47905    4     2     1
   1    1   -4   0.973063    43.414454     2.291383      43.4749  105.03473    1.74042    4     2     1
   1    1    4   0.973063    41.076245    13.362207       43.195  105.03473    1.71809    4     2     1
   3    2    2   0.959296    29.670800     0.261899       29.672  106.83140    3.28371    8     1     1
   3    2   -2   0.959296    28.193456    10.874977      30.2181  106.83140    3.40571    8     1     1
   3    2    2   0.959296    29.680796     0.282397      29.6821  107.20613    1.64784    8     2     1
   3    2   -2   0.959296    28.197671    10.893575      30.2288  107.20613    1.70910    8     2     1
   4    0    1   0.948839    27.062028     2.232773       27.154  108.55039    1.39512    4     1     1
   4    0   -1   0.948839    26.275706     8.559132      27.6346  108.55039    1.44494    4     1     1
   3    0   -3   0.948163    43.526715     4.819043      43.7927  108.66400    3.63245    4     1     1
   3    0    3   0.948163    41.605605    11.385860      43.1354  108.66400    3.52423    4     1     1
   4    0    1   0.948839    27.070813     2.252099      27.1643  108.93716    0.70060    4     2     1
   4    0   -1   0.948839    26.281405     8.577529      27.6457  108.93716    0.72566    4     2     1
   3    0   -3   0.948163    43.533622     4.850118       43.803  109.05158    1.82370    4     2     1
   3    0    3   0.948163    41.605078    11.413662      43.1423  109.05158    1.76910    4     2     1
   4    1    0   0.945428    25.577864     5.331566      26.1276  109.12716    2.59729    8     1     1
   4    1    0   0.945428    25.585126     5.350168      26.1385  109.51809    1.30470    8     2     1
   4    1   -1   0.921920    41.889342     7.640015      42.5804  113.34311    7.23223    8     1     1
   4    1    1   0.921920    41.172676     9.322486      42.2149  113.34311    7.10862    8     1     1
   3    1    3   0.921301    26.504392     5.044253      26.9801  113.46044    2.90800    8     1     1
   3    1   -3   0.921301    24.671234     6.201266      25.4387  113.46044    2.58520    8     1     1
   4    1   -1   0.921920    41.893117     7.671550      42.5897  113.76634    3.63754    8     2     1
   4    1    1   0.921920    41.173686     9.352716      42.2226  113.76634    3.57510    8     2     1
   3    1    3   0.921301    26.514242     5.065877      26.9939  113.88461    1.46353    8     2     1
   3    1   -3   0.921301    24.674053     6.219185      25.4458  113.88461    1.30048    8     2     1
   3    3    0   0.918791    40.895233     8.525333      41.7744  113.93900    3.50755    4     1     1
   2    0   -4   0.917565    34.256065     1.089627      34.2734  114.17483    2.36841    4     1     1
   2    0    4   0.917565    31.918076    13.992344      34.8504  114.17483    2.44882    4     1     1
   3    3    0   0.918791    40.897472     8.556377      41.7829  114.36709    1.76454    4     2     1
   2    0   -4   0.917565    34.263632     1.118555      34.2819  114.60486    1.19169    4     2     1
   2    0    4   0.917565    31.916535    14.017881      34.8592  114.60486    1.23217    4     2     1
   3    3   -1   0.897170    30.021603     3.583917      30.2348  118.31603    1.95919    4     1     1
   3    3    1   0.897170    30.656531     7.099612      31.4679  118.31603    2.12226    4     1     1
   3    3   -1   0.897170    30.027975     3.601797      30.2432  118.78239    0.98760    4     2     1
   3    3    1   0.897170    30.665289     7.119245      31.4808  118.78239    1.07008    4     2     1
   2    1   -4   0.893155    29.485030    11.563396      31.6714  119.18429    4.36114    8     1     1
   2    1    4   0.893155    31.792473     0.131682      31.7927  119.18429    4.39461    8     1     1
   2    1   -4   0.893155    29.486719    11.582408      31.6799  119.65885    2.19918    8     2     1
   2    1    4   0.893155    31.803138     0.154166      31.8035  119.65885    2.21637    8     2     1
   4    0    2   0.882474    39.445362    16.521376      42.7656  121.59089    4.14541    4     1     1
   4    0   -2   0.882474    41.003468    -0.168565      41.0038  121.59089    3.81091    4     1     1
   4    0    2   0.882474    39.444950    16.550513      42.7764  122.08931    2.09268    4     2     1
   4    0   -2   0.882474    41.009233    -0.138182      41.0095  122.08931    1.92337    4     2     1
   4    2    0   0.871642    45.509260     8.463017      46.2895  124.19144   10.20090    8     1     1
   4    2    0   0.871642    45.512037     8.493944      46.2979  124.71778    5.15552    8     2     1
   4    1   -2   0.860694    25.003121    10.445678      27.0974  127.00957    3.70198    8     1     1
   4    1    2   0.860694    26.459166     0.160621      26.4597  127.00957    3.52978    8     1     1
   4    1   -2   0.860694    25.007111    10.463391      27.1079  127.56906    1.87461    8     2     1
   4    1    2   0.860694    26.468863     0.180119      26.4695  127.56906    1.78735    8     2     1
   4    2   -1   0.853117    23.405378     7.949070      24.7184  129.08927    3.22261    8     1     1
   4    2    1   0.853117    24.173268     2.321689      24.2845  129.08927    3.11046    8     1     1
   4    2    1   0.853117    24.181756     2.340083      24.2947  129.67543    1.57712    8     2     1
   4    2   -1   0.853117    23.410854     7.966552      24.7292  129.67543    1.63403    8     2     1
